#iteration,algo,#panel,#suggestion,distances,iteration_time,total_time,target_found,#generations,panel,si,ni
0,NewPanel,1,0,6.5/5.75,0.017009973526000977,0.017009973526000977,None,1,[0 0 1 1 1 1 2 0 0 0 0 0 0 1 1 1 1 0 1 1 1 1 0 1 1 1 1],[1. 1. 1. 1. 1. 1. 1.],[1. 1. 1. 1. 1. 1. 1.]
1,Egreedy,1,1,6.25/5.5,0.011333942413330078,0.028343915939331055,None,1,[0 0 1 1 1 1 2 0 0 0 0 0 0 1 1 1 1 0 0 1 1 1 0 1 1 1 1],[1. 1. 1. 1. 1. 1. 1.],[1. 1. 1. 1. 1. 1. 1.]
2,Egreedy,1,2,5.25/5.0,0.014771223068237305,0.04311513900756836,None,3,[1 0 0 0 0 0 2 0 0 0 0 0 0 1 1 1 1 0 1 1 1 1 0 1 1 1 1],[1. 1. 1. 1. 1. 1. 1.],[1. 1. 1. 1. 1. 1. 1.]
3,Egreedy,1,3,5.25/5.0,0.020770788192749023,0.06388592720031738,None,2,[1 0 1 0 0 0 2 0 0 0 0 0 0 1 0 1 1 0 1 1 1 1 0 1 1 1 1],[1. 1. 1. 1. 1. 1. 1.],[1. 1. 1. 1. 1. 1. 1.]
4,Egreedy,1,4,5.0/4.75,0.010358572006225586,0.07424449920654297,None,1,[1 0 1 0 0 0 2 0 0 0 0 0 0 1 0 1 1 0 1 1 0 1 0 1 1 1 1],[1. 1. 1. 1. 1. 1. 1.],[1. 1. 1. 1. 1. 1. 1.]
5,Egreedy,1,5,4.75/4.5,0.010259628295898438,0.0845041275024414,None,1,[1 0 0 0 0 0 2 0 0 0 0 0 0 1 0 1 1 0 1 1 0 1 0 1 1 1 1],[1. 1. 1. 1. 1. 1. 1.],[1. 1. 1. 1. 1. 1. 1.]
6,Egreedy,1,6,5.25/5.0,0.015774011611938477,0.10027813911437988,None,4,[1 0 1 1 1 1 2 0 0 0 0 0 0 1 1 1 1 0 1 1 1 1 0 0 0 0 0],[1. 1. 1. 1. 1. 1. 1.],[1. 1. 1. 1. 1. 1. 1.]
7,Egreedy,1,7,5.0/4.75,0.010640621185302734,0.11091876029968262,None,1,[1 0 1 1 1 1 2 0 0 0 0 0 0 1 1 1 1 0 1 1 0 1 0 0 0 0 0],[1. 1. 1. 1. 1. 1. 1.],[1. 1. 1. 1. 1. 1. 1.]
8,Egreedy,1,8,4.75/4.5,0.022054433822631836,0.13297319412231445,None,2,[1 0 1 1 0 1 2 0 0 0 0 0 0 1 1 1 1 0 1 1 0 1 0 0 0 0 0],[1. 1. 1. 1. 1. 1. 1.],[1. 1. 1. 1. 1. 1. 1.]
9,Egreedy,1,9,4.75/5.0,0.01142430305480957,0.14439749717712402,None,1,[1 0 1 1 0 1 2 0 0 0 0 0 2 0 0 0 0 0 1 1 0 1 0 0 0 0 0],[1. 1. 1. 1. 1. 1. 1.],[1. 1. 1. 1. 1. 1. 1.]
10,Egreedy,1,10,5.25/5.5,0.02912163734436035,0.17351913452148438,None,6,[1 0 1 1 1 1 2 0 0 0 0 0 0 0 0 0 0 0 1 1 1 1 0 1 1 1 1],[1. 1. 1. 1. 1. 1. 1.],[1. 1. 1. 1. 1. 1. 1.]
11,Egreedy,1,11,5.25/5.0,0.04296612739562988,0.21648526191711426,None,8,[1 0 1 1 1 1 2 0 0 0 0 0 0 1 1 1 1 0 0 0 0 0 0 1 1 1 1],[1. 1. 1. 1. 1. 1. 1.],[1. 1. 1. 1. 1. 1. 1.]
12,Egreedy,1,12,5.25/5.0,0.021297454833984375,0.23778271675109863,None,2,[1 0 0 1 1 1 2 0 0 0 0 0 0 1 1 1 1 0 0 0 0 1 0 1 1 1 1],[1. 1. 1. 1. 1. 1. 1.],[1. 1. 1. 1. 1. 1. 1.]
13,Egreedy,1,13,5.0/4.75,0.010577201843261719,0.24835991859436035,None,1,[1 0 0 0 1 1 2 0 0 0 0 0 0 1 1 1 1 0 0 0 0 1 0 1 1 1 1],[1. 1. 1. 1. 1. 1. 1.],[1. 1. 1. 1. 1. 1. 1.]
14,Egreedy,1,14,4.75/5.0,0.01056671142578125,0.2589266300201416,None,1,[1 0 0 0 1 1 2 0 0 0 0 0 0 1 1 0 1 0 0 0 0 1 0 1 1 1 1],[1. 1. 1. 1. 1. 1. 1.],[1. 1. 1. 1. 1. 1. 1.]
15,Egreedy,1,15,4.5/4.75,0.010505914688110352,0.26943254470825195,None,1,[1 0 0 0 1 0 2 0 0 0 0 0 0 1 1 0 1 0 0 0 0 1 0 1 1 1 1],[1. 1. 1. 1. 1. 1. 1.],[1. 1. 1. 1. 1. 1. 1.]
16,Egreedy,1,16,4.5/2.75,0.011622428894042969,0.2810549736022949,None,1,[1 0 0 0 1 0 0 0 0 0 0 2 0 1 1 0 1 0 0 0 0 1 0 1 1 1 1],[1. 1. 1. 1. 1. 1. 1.],[1. 1. 1. 1. 1. 1. 1.]
17,Egreedy,1,17,3.25/3.5,0.011428356170654297,0.2924833297729492,None,1,[1 2 0 0 0 0 0 0 0 0 0 2 0 1 1 0 1 0 0 0 0 1 0 1 1 1 1],[1. 1. 1. 1. 1. 1. 1.],[1. 1. 1. 1. 1. 1. 1.]
18,Egreedy,1,18,3.25/3.5,0.03144979476928711,0.32393312454223633,None,3,[1 2 0 0 0 0 0 0 0 0 0 2 0 1 1 0 1 0 0 1 0 0 0 1 1 1 1],[1. 1. 1. 1. 1. 1. 1.],[1. 1. 1. 1. 1. 1. 1.]
19,Egreedy,1,19,2.25/4.5,0.010269403457641602,0.33420252799987793,None,1,[1 2 0 0 0 0 0 0 0 0 0 0 0 1 1 0 1 0 0 1 0 0 0 1 1 1 1],[1. 1. 1. 1. 1. 1. 1.],[1. 1. 1. 1. 1. 1. 1.]
20,Egreedy,1,20,3.5/5.25,0.020527124404907227,0.35472965240478516,None,2,[0 2 0 0 0 0 2 0 0 0 0 0 0 1 1 0 1 0 0 1 0 0 0 1 1 1 1],[1. 1. 1. 1. 1. 1. 1.],[1. 1. 1. 1. 1. 1. 1.]
21,Egreedy,1,21,3.25/5.0,0.010234832763671875,0.36496448516845703,None,1,[0 2 0 0 0 0 2 0 0 0 0 0 0 1 1 0 0 0 0 1 0 0 0 1 1 1 1],[1. 1. 1. 1. 1. 1. 1.],[1. 1. 1. 1. 1. 1. 1.]
22,Egreedy,1,22,3.0/4.75,0.021375656127929688,0.3863401412963867,None,2,[0 2 0 0 0 0 2 0 0 0 0 0 0 0 1 0 0 0 0 1 0 0 0 1 1 1 1],[1. 1. 1. 1. 1. 1. 1.],[1. 1. 1. 1. 1. 1. 1.]
23,Egreedy,1,23,4.0/5.75,0.032225608825683594,0.4185657501220703,None,8,[0 2 0 0 0 0 0 1 1 1 1 0 0 1 1 1 1 0 1 1 1 1 0 1 1 1 1],[1. 1. 1. 1. 1. 1. 1.],[1. 1. 1. 1. 1. 1. 1.]
24,Egreedy,1,24,5.0/5.25,0.012180805206298828,0.43074655532836914,None,1,[0 0 0 0 0 0 0 1 1 1 1 0 2 0 0 0 0 0 1 1 1 1 0 1 1 1 1],[1. 1. 1. 1. 1. 1. 1.],[1. 1. 1. 1. 1. 1. 1.]
25,Egreedy,1,25,5.25/5.5,0.030582666397094727,0.46132922172546387,None,3,[0 0 1 0 0 1 0 1 1 1 1 0 2 0 0 0 0 0 1 1 1 1 0 1 1 0 1],[1. 1. 1. 1. 1. 1. 1.],[1. 1. 1. 1. 1. 1. 1.]
26,Egreedy,1,26,5.5/5.75,0.02234935760498047,0.48367857933044434,None,2,[0 0 1 1 0 1 0 1 1 1 1 0 2 0 0 0 0 2 0 0 0 0 0 1 1 0 1],[1. 1. 1. 1. 1. 1. 1.],[1. 1. 1. 1. 1. 1. 1.]
27,Egreedy,1,27,5.25/5.5,0.010385990142822266,0.4940645694732666,None,1,[0 0 1 1 0 1 0 1 1 1 1 0 2 0 0 0 0 2 0 0 0 0 0 1 0 0 1],[1. 1. 1. 1. 1. 1. 1.],[1. 1. 1. 1. 1. 1. 1.]
28,Egreedy,1,28,5.0/5.25,0.010280370712280273,0.5043449401855469,None,1,[0 0 1 1 0 1 0 1 0 1 1 0 2 0 0 0 0 2 0 0 0 0 0 1 0 0 1],[1. 1. 1. 1. 1. 1. 1.],[1. 1. 1. 1. 1. 1. 1.]
29,Egreedy,1,29,5.5/5.75,0.07608485221862793,0.5804297924041748,None,7,[0 0 1 1 1 1 0 1 1 1 1 0 2 0 0 0 0 2 0 0 0 0 0 1 0 1 0],[1. 1. 1. 1. 1. 1. 1.],[1. 1. 1. 1. 1. 1. 1.]
30,Egreedy,1,30,5.25/5.5,0.01027059555053711,0.5907003879547119,None,1,[0 0 1 1 1 1 0 1 1 0 1 0 2 0 0 0 0 2 0 0 0 0 0 1 0 1 0],[1. 1. 1. 1. 1. 1. 1.],[1. 1. 1. 1. 1. 1. 1.]
31,Egreedy,1,31,5.0/5.25,0.010091543197631836,0.6007919311523438,None,1,[0 0 1 1 1 1 0 1 1 0 1 0 2 0 0 0 0 2 0 0 0 0 0 0 0 1 0],[1. 1. 1. 1. 1. 1. 1.],[1. 1. 1. 1. 1. 1. 1.]
32,Egreedy,1,32,4.75/5.0,0.021840810775756836,0.6226327419281006,None,2,[0 0 0 1 1 1 0 1 1 0 1 0 2 0 0 0 0 2 0 0 0 0 0 0 0 1 0],[1. 1. 1. 1. 1. 1. 1.],[1. 1. 1. 1. 1. 1. 1.]
33,Egreedy,1,33,4.5/4.75,0.021164655685424805,0.6437973976135254,None,2,[0 0 0 1 1 1 0 0 1 0 1 0 2 0 0 0 0 2 0 0 0 0 0 0 0 1 0],[1. 1. 1. 1. 1. 1. 1.],[1. 1. 1. 1. 1. 1. 1.]
34,Egreedy,1,34,4.25/4.5,0.02142047882080078,0.6652178764343262,None,2,[0 0 0 1 0 1 0 0 1 0 1 0 2 0 0 0 0 2 0 0 0 0 0 0 0 1 0],[1. 1. 1. 1. 1. 1. 1.],[1. 1. 1. 1. 1. 1. 1.]
35,Egreedy,1,35,4.0/4.25,0.010053634643554688,0.6752715110778809,None,1,[0 0 0 1 0 1 0 0 1 0 1 0 2 0 0 0 0 2 0 0 0 0 0 0 0 0 0],[1. 1. 1. 1. 1. 1. 1.],[1. 1. 1. 1. 1. 1. 1.]
36,Egreedy,1,36,2.75/5.0,0.022656679153442383,0.6979281902313232,None,9,[1 2 0 0 0 0 0 1 1 1 1 0 0 1 1 1 1 0 1 1 1 1 0 0 0 0 0],[1. 1. 1. 1. 1. 1. 1.],[1. 1. 1. 1. 1. 1. 1.]
37,Egreedy,1,37,2.75/5.5,0.0453794002532959,0.7433075904846191,None,12,[1 2 0 0 0 0 0 1 1 1 1 0 0 0 0 0 0 0 1 1 1 1 0 1 1 1 1],[1. 1. 1. 1. 1. 1. 1.],[1. 1. 1. 1. 1. 1. 1.]
38,Egreedy,1,38,2.5/5.25,0.023332834243774414,0.7666404247283936,None,2,[1 2 0 0 0 0 0 0 1 1 1 0 0 0 0 0 0 0 1 1 1 1 0 1 1 1 1],[1. 1. 1. 1. 1. 1. 1.],[1. 1. 1. 1. 1. 1. 1.]
39,Egreedy,1,39,3.0/5.25,0.02882552146911621,0.7954659461975098,None,3,[1 2 0 0 0 0 0 0 1 1 0 0 0 0 0 0 1 0 1 1 1 1 0 1 1 1 1],[1. 1. 1. 1. 1. 1. 1.],[1. 1. 1. 1. 1. 1. 1.]
40,Egreedy,1,40,3.25/5.5,0.02224898338317871,0.8177149295806885,None,2,[1 2 0 0 0 0 0 1 1 1 0 0 0 0 0 0 1 2 0 0 0 0 0 1 1 1 1],[1. 1. 1. 1. 1. 1. 1.],[1. 1. 1. 1. 1. 1. 1.]
41,Egreedy,1,41,4.25/4.5,0.010404348373413086,0.8281192779541016,None,1,[1 0 0 0 0 0 0 1 1 1 0 0 0 0 0 0 1 2 0 0 0 0 0 1 1 1 1],[1. 1. 1. 1. 1. 1. 1.],[1. 1. 1. 1. 1. 1. 1.]
42,Egreedy,1,42,4.0/4.25,0.010327816009521484,0.838447093963623,None,1,[1 0 0 0 0 0 0 1 1 0 0 0 0 0 0 0 1 2 0 0 0 0 0 1 1 1 1],[1. 1. 1. 1. 1. 1. 1.],[1. 1. 1. 1. 1. 1. 1.]
43,Egreedy,1,43,3.75/4.0,0.010156393051147461,0.8486034870147705,None,1,[1 0 0 0 0 0 0 1 0 0 0 0 0 0 0 0 1 2 0 0 0 0 0 1 1 1 1],[1. 1. 1. 1. 1. 1. 1.],[1. 1. 1. 1. 1. 1. 1.]
44,Egreedy,1,44,3.75/4.0,0.05136728286743164,0.8999707698822021,None,5,[1 0 0 0 0 0 0 1 0 0 0 0 0 0 1 0 1 2 0 0 0 0 0 1 1 1 0],[1. 1. 1. 1. 1. 1. 1.],[1. 1. 1. 1. 1. 1. 1.]
45,Egreedy,1,45,5.75/4.0,0.04091501235961914,0.9408857822418213,None,4,[1 0 1 0 0 0 0 1 1 0 0 2 2 0 0 0 0 2 0 0 0 0 0 1 1 1 0],[1. 1. 1. 1. 1. 1. 1.],[1. 1. 1. 1. 1. 1. 1.]
46,Egreedy,1,46,5.0/3.25,0.03183937072753906,0.9727251529693604,None,3,[1 0 1 0 1 0 0 1 1 0 0 2 2 0 0 0 0 0 0 0 0 0 0 1 1 1 0],[1. 1. 1. 1. 1. 1. 1.],[1. 1. 1. 1. 1. 1. 1.]
47,Egreedy,1,47,4.75/3.0,0.010188579559326172,0.9829137325286865,None,1,[1 0 1 0 1 0 0 1 1 0 0 2 2 0 0 0 0 0 0 0 0 0 0 1 0 1 0],[1. 1. 1. 1. 1. 1. 1.],[1. 1. 1. 1. 1. 1. 1.]
48,Egreedy,1,48,5.25/3.5,0.01127767562866211,0.9941914081573486,None,1,[1 0 1 0 1 0 0 1 1 0 0 2 2 0 0 0 0 0 0 0 0 0 2 0 0 0 0],[1. 1. 1. 1. 1. 1. 1.],[1. 1. 1. 1. 1. 1. 1.]
49,Egreedy,1,49,4.25/2.5,0.010091066360473633,1.0042824745178223,None,1,[1 0 1 0 1 0 0 1 1 0 0 2 2 0 0 0 0 0 0 0 0 0 0 0 0 0 0],[1. 1. 1. 1. 1. 1. 1.],[1. 1. 1. 1. 1. 1. 1.]
50,Egreedy,1,50,2.75/5.0,0.026108980178833008,1.0303914546966553,None,11,[1 2 0 0 0 0 0 1 1 1 1 0 0 1 1 1 1 0 0 0 0 0 0 1 1 1 1],[1. 1. 1. 1. 1. 1. 1.],[1. 1. 1. 1. 1. 1. 1.]
51,Egreedy,1,51,4.25/6.0,0.022289514541625977,1.0526809692382812,None,2,[1 2 0 0 0 0 2 0 0 0 0 0 0 1 1 1 1 2 0 0 0 0 0 1 1 1 1],[1. 1. 1. 1. 1. 1. 1.],[1. 1. 1. 1. 1. 1. 1.]
52,Egreedy,1,52,4.0/5.75,0.009873151779174805,1.062554121017456,None,1,[1 2 0 0 0 0 2 0 0 0 0 0 0 1 1 1 1 2 0 0 0 0 0 0 1 1 1],[1. 1. 1. 1. 1. 1. 1.],[1. 1. 1. 1. 1. 1. 1.]
53,Egreedy,1,53,3.75/5.5,0.009858131408691406,1.0724122524261475,None,1,[1 2 0 0 0 0 2 0 0 0 0 0 0 1 1 1 1 2 0 0 0 0 0 0 0 1 1],[1. 1. 1. 1. 1. 1. 1.],[1. 1. 1. 1. 1. 1. 1.]
54,Egreedy,1,54,3.5/5.25,0.032442331314086914,1.1048545837402344,None,3,[1 2 0 0 0 0 2 0 0 0 0 0 0 0 1 1 1 2 0 0 0 0 0 0 0 1 1],[1. 1. 1. 1. 1. 1. 1.],[1. 1. 1. 1. 1. 1. 1.]
55,Egreedy,1,55,3.5/5.25,0.0427095890045166,1.147564172744751,None,4,[1 2 0 0 0 0 2 0 0 0 0 0 0 1 1 1 0 2 0 0 0 0 0 0 0 1 1],[1. 1. 1. 1. 1. 1. 1.],[1. 1. 1. 1. 1. 1. 1.]
56,Egreedy,1,56,3.75/5.5,0.0645148754119873,1.2120790481567383,None,6,[1 2 0 0 0 0 2 0 0 0 0 0 0 1 0 1 0 2 0 0 0 0 0 1 1 1 1],[1. 1. 1. 1. 1. 1. 1.],[1. 1. 1. 1. 1. 1. 1.]
57,Egreedy,1,57,2.75/4.5,0.010216474533081055,1.2222955226898193,None,1,[1 2 0 0 0 0 0 0 0 0 0 0 0 1 0 1 0 2 0 0 0 0 0 1 1 1 1],[1. 1. 1. 1. 1. 1. 1.],[1. 1. 1. 1. 1. 1. 1.]
58,Egreedy,1,58,2.5/4.25,0.032582998275756836,1.2548785209655762,None,3,[1 2 0 0 0 0 0 0 0 0 0 0 0 0 0 1 0 2 0 0 0 0 0 1 1 1 1],[1. 1. 1. 1. 1. 1. 1.],[1. 1. 1. 1. 1. 1. 1.]
59,Egreedy,1,59,2.25/4.0,0.010097503662109375,1.2649760246276855,None,1,[1 2 0 0 0 0 0 0 0 0 0 0 0 0 0 1 0 2 0 0 0 0 0 1 1 0 1],[1. 1. 1. 1. 1. 1. 1.],[1. 1. 1. 1. 1. 1. 1.]
60,Egreedy,1,60,2.0/4.25,0.021165132522583008,1.2861411571502686,None,2,[1 2 0 0 0 0 0 0 0 0 0 0 0 0 0 0 0 2 0 0 0 0 0 1 1 0 1],[1. 1. 1. 1. 1. 1. 1.],[1. 1. 1. 1. 1. 1. 1.]
61,Egreedy,1,61,2.5/4.75,0.051428794860839844,1.3375699520111084,None,5,[0 2 0 0 0 0 0 0 0 1 1 0 0 1 0 0 0 2 0 0 0 0 0 1 1 0 1],[1. 1. 1. 1. 1. 1. 1.],[1. 1. 1. 1. 1. 1. 1.]
62,Egreedy,1,62,3.25/5.5,0.011303424835205078,1.3488733768463135,None,1,[0 2 0 0 0 0 0 0 0 1 1 0 2 0 0 0 0 2 0 0 0 0 0 1 1 0 1],[1. 1. 1. 1. 1. 1. 1.],[1. 1. 1. 1. 1. 1. 1.]
63,Egreedy,1,63,3.0/5.25,0.009863615036010742,1.3587369918823242,None,1,[0 2 0 0 0 0 0 0 0 1 1 0 2 0 0 0 0 2 0 0 0 0 0 1 1 0 0],[1. 1. 1. 1. 1. 1. 1.],[1. 1. 1. 1. 1. 1. 1.]
64,Egreedy,1,64,6.0/5.75,0.03963041305541992,1.3983674049377441,None,13,[0 0 1 1 1 1 0 1 1 1 1 0 0 1 1 1 1 2 0 0 0 0 0 1 1 1 1],[1. 1. 1. 1. 1. 1. 1.],[1. 1. 1. 1. 1. 1. 1.]
65,Egreedy,1,65,5.25/5.0,0.11226606369018555,1.5106334686279297,None,20,[1 0 1 1 1 1 0 0 0 0 0 0 0 1 1 1 1 2 0 0 0 0 0 1 1 1 1],[1. 1. 1. 1. 1. 1. 1.],[1. 1. 1. 1. 1. 1. 1.]
66,Egreedy,1,66,4.75/5.0,0.041808128356933594,1.5524415969848633,None,16,[1 0 1 1 1 1 0 1 1 1 1 0 0 1 1 1 1 2 0 0 0 0 0 0 0 0 0],[1. 1. 1. 1. 1. 1. 1.],[1. 1. 1. 1. 1. 1. 1.]
67,Egreedy,1,67,4.75/5.5,0.03278017044067383,1.585221767425537,None,16,[1 0 1 1 1 1 0 1 1 1 1 0 0 0 0 0 0 2 0 0 0 0 0 1 1 1 1],[1. 1. 1. 1. 1. 1. 1.],[1. 1. 1. 1. 1. 1. 1.]
68,Egreedy,1,68,5.25/5.5,0.03537130355834961,1.6205930709838867,None,18,[1 0 1 1 1 1 0 0 0 0 0 0 2 0 0 0 0 0 1 1 1 1 0 1 1 1 1],[1. 1. 1. 1. 1. 1. 1.],[1. 1. 1. 1. 1. 1. 1.]
69,Egreedy,1,69,5.0/5.25,0.010632514953613281,1.6312255859375,None,1,[1 0 1 1 1 1 0 0 0 0 0 0 2 0 0 0 0 0 1 1 1 0 0 1 1 1 1],[1. 1. 1. 1. 1. 1. 1.],[1. 1. 1. 1. 1. 1. 1.]
70,Egreedy,1,70,4.75/5.0,0.010522842407226562,1.6417484283447266,None,1,[1 0 1 1 1 1 0 0 0 0 0 0 2 0 0 0 0 0 1 1 0 0 0 1 1 1 1],[1. 1. 1. 1. 1. 1. 1.],[1. 1. 1. 1. 1. 1. 1.]
71,Egreedy,1,71,4.5/4.75,0.010347366333007812,1.6520957946777344,None,1,[1 0 1 1 1 1 0 0 0 0 0 0 2 0 0 0 0 0 1 1 0 0 0 1 0 1 1],[1. 1. 1. 1. 1. 1. 1.],[1. 1. 1. 1. 1. 1. 1.]
72,Egreedy,1,72,4.5/4.75,0.03254556655883789,1.6846413612365723,None,3,[1 0 1 1 1 1 0 0 0 0 0 0 2 0 0 0 0 0 1 1 0 1 0 0 0 1 1],[1. 1. 1. 1. 1. 1. 1.],[1. 1. 1. 1. 1. 1. 1.]
73,Egreedy,1,73,4.25/4.5,0.010409116744995117,1.6950504779815674,None,1,[1 0 1 1 1 0 0 0 0 0 0 0 2 0 0 0 0 0 1 1 0 1 0 0 0 1 1],[1. 1. 1. 1. 1. 1. 1.],[1. 1. 1. 1. 1. 1. 1.]
74,Egreedy,1,74,5.0/5.25,0.02035975456237793,1.7154102325439453,None,2,[1 0 1 1 1 0 2 0 0 0 0 0 2 0 0 0 0 0 1 0 0 1 0 0 0 1 1],[1. 1. 1. 1. 1. 1. 1.],[1. 1. 1. 1. 1. 1. 1.]
75,Egreedy,1,75,4.75/5.0,0.021646738052368164,1.7370569705963135,None,2,[1 0 1 1 1 0 2 0 0 0 0 0 2 0 0 0 0 0 0 0 0 1 0 0 0 1 1],[1. 1. 1. 1. 1. 1. 1.],[1. 1. 1. 1. 1. 1. 1.]
76,Egreedy,1,76,4.5/4.75,0.010016918182373047,1.7470738887786865,None,1,[1 0 1 0 1 0 2 0 0 0 0 0 2 0 0 0 0 0 0 0 0 1 0 0 0 1 1],[1. 1. 1. 1. 1. 1. 1.],[1. 1. 1. 1. 1. 1. 1.]
77,Egreedy,1,77,3.0/5.25,0.010882139205932617,1.7579560279846191,None,1,[1 2 0 0 0 0 2 0 0 0 0 0 2 0 0 0 0 0 0 0 0 1 0 0 0 1 1],[1. 1. 1. 1. 1. 1. 1.],[1. 1. 1. 1. 1. 1. 1.]
78,Egreedy,1,78,2.25/4.5,0.031136512756347656,1.7890925407409668,None,3,[1 2 0 0 0 0 0 0 0 0 0 0 2 0 0 0 0 0 0 0 0 1 0 0 1 1 1],[1. 1. 1. 1. 1. 1. 1.],[1. 1. 1. 1. 1. 1. 1.]
79,Egreedy,1,79,2.25/5.0,0.052063703536987305,1.841156244277954,None,5,[1 2 0 0 0 0 0 0 0 0 1 0 2 0 0 0 0 0 1 1 0 1 0 0 1 0 1],[1. 1. 1. 1. 1. 1. 1.],[1. 1. 1. 1. 1. 1. 1.]
80,Egreedy,1,80,2.0/4.75,0.010118246078491211,1.8512744903564453,None,1,[1 2 0 0 0 0 0 0 0 0 1 0 2 0 0 0 0 0 1 1 0 0 0 0 1 0 1],[1. 1. 1. 1. 1. 1. 1.],[1. 1. 1. 1. 1. 1. 1.]
81,Egreedy,1,81,2.25/4.5,0.010032176971435547,1.8613066673278809,None,1,[1 2 0 0 0 0 0 0 0 0 0 0 2 0 0 0 0 0 1 1 0 0 0 0 1 0 1],[1. 1. 1. 1. 1. 1. 1.],[1. 1. 1. 1. 1. 1. 1.]
82,Egreedy,1,82,4.75/5.5,0.04474377632141113,1.906050443649292,None,21,[1 0 1 1 1 1 0 1 1 1 1 0 2 0 0 0 0 0 1 1 1 1 0 0 0 0 0],[1. 1. 1. 1. 1. 1. 1.],[1. 1. 1. 1. 1. 1. 1.]
83,Egreedy,1,83,4.75/5.5,0.021590471267700195,1.9276409149169922,None,3,[1 0 1 1 1 0 0 1 1 1 1 0 2 0 0 0 0 0 1 1 1 1 0 0 0 1 0],[1. 1. 1. 1. 1. 1. 1.],[1. 1. 1. 1. 1. 1. 1.]
84,Egreedy,1,84,4.5/5.25,0.014606237411499023,1.9422471523284912,None,2,[1 0 1 1 1 0 0 1 1 1 1 0 2 0 0 0 0 0 1 0 1 1 0 0 0 1 0],[1. 1. 1. 1. 1. 1. 1.],[1. 1. 1. 1. 1. 1. 1.]
85,Egreedy,1,85,4.75/5.0,0.006799936294555664,1.9490470886230469,None,1,[0 0 1 1 1 0 0 1 1 1 1 0 2 0 0 0 0 0 1 0 1 1 0 0 0 1 0],[1. 1. 1. 1. 1. 1. 1.],[1. 1. 1. 1. 1. 1. 1.]
86,Egreedy,1,86,5.0/4.75,0.006773710250854492,1.9558207988739014,None,1,[0 0 1 1 1 0 0 1 1 1 0 0 2 0 0 0 0 0 1 0 1 1 0 0 0 1 0],[1. 1. 1. 1. 1. 1. 1.],[1. 1. 1. 1. 1. 1. 1.]
87,Egreedy,1,87,4.75/4.5,0.006768941879272461,1.9625897407531738,None,1,[0 0 1 1 1 0 0 1 1 0 0 0 2 0 0 0 0 0 1 0 1 1 0 0 0 1 0],[1. 1. 1. 1. 1. 1. 1.],[1. 1. 1. 1. 1. 1. 1.]
88,Egreedy,1,88,5.5/5.25,0.007457256317138672,1.9700469970703125,None,1,[0 0 1 1 1 0 0 1 1 0 0 0 2 0 0 0 0 0 1 0 1 1 2 0 0 0 0],[1. 1. 1. 1. 1. 1. 1.],[1. 1. 1. 1. 1. 1. 1.]
89,Egreedy,1,89,4.5/4.25,0.006733417510986328,1.9767804145812988,None,1,[0 0 1 1 1 0 0 1 1 0 0 0 2 0 0 0 0 0 1 0 1 1 0 0 0 0 0],[1. 1. 1. 1. 1. 1. 1.],[1. 1. 1. 1. 1. 1. 1.]
90,Egreedy,1,90,4.25/4.0,0.006657123565673828,1.9834375381469727,None,1,[0 0 1 1 1 0 0 1 1 0 0 0 2 0 0 0 0 0 1 0 1 0 0 0 0 0 0],[1. 1. 1. 1. 1. 1. 1.],[1. 1. 1. 1. 1. 1. 1.]
91,Egreedy,1,91,4.0/3.75,0.021290063858032227,2.004727602005005,None,3,[0 0 1 1 1 0 0 1 1 0 0 0 2 0 0 0 0 0 0 0 1 0 0 0 0 0 0],[1. 1. 1. 1. 1. 1. 1.],[1. 1. 1. 1. 1. 1. 1.]
92,Egreedy,1,92,4.75/5.5,0.036785125732421875,2.0415127277374268,None,23,[1 0 1 1 1 1 0 1 1 1 1 0 2 0 0 0 0 0 0 0 0 0 0 1 1 1 1],[1. 1. 1. 1. 1. 1. 1.],[1. 1. 1. 1. 1. 1. 1.]
93,Egreedy,1,93,4.5/5.25,0.006861448287963867,2.0483741760253906,None,1,[1 0 1 1 1 1 0 1 1 1 1 0 2 0 0 0 0 0 0 0 0 0 0 0 1 1 1],[1. 1. 1. 1. 1. 1. 1.],[1. 1. 1. 1. 1. 1. 1.]
94,Egreedy,1,94,4.25/5.0,0.006820201873779297,2.05519437789917,None,1,[1 0 1 1 1 1 0 1 1 0 1 0 2 0 0 0 0 0 0 0 0 0 0 0 1 1 1],[1. 1. 1. 1. 1. 1. 1.],[1. 1. 1. 1. 1. 1. 1.]
95,Egreedy,1,95,4.5/4.75,0.006796598434448242,2.061990976333618,None,1,[0 0 1 1 1 1 0 1 1 0 1 0 2 0 0 0 0 0 0 0 0 0 0 0 1 1 1],[1. 1. 1. 1. 1. 1. 1.],[1. 1. 1. 1. 1. 1. 1.]
96,Egreedy,1,96,6.5/3.75,0.024885892868041992,2.08687686920166,None,22,[0 0 1 1 1 1 0 0 0 0 0 2 0 1 1 1 1 0 1 1 1 1 0 1 1 1 1],[1. 1. 1. 1. 1. 1. 1.],[1. 1. 1. 1. 1. 1. 1.]
97,Egreedy,1,97,6.0/3.75,0.02175593376159668,2.108632802963257,None,3,[1 0 1 1 0 1 0 0 0 0 0 2 0 1 1 1 1 2 0 0 0 0 0 1 1 1 1],[1. 1. 1. 1. 1. 1. 1.],[1. 1. 1. 1. 1. 1. 1.]
98,Egreedy,1,98,5.75/4.0,0.006893634796142578,2.1155264377593994,None,1,[1 0 1 1 0 1 0 0 0 0 0 2 0 1 1 0 1 2 0 0 0 0 0 1 1 1 1],[1. 1. 1. 1. 1. 1. 1.],[1. 1. 1. 1. 1. 1. 1.]
99,Egreedy,1,99,5.75/4.0,0.021208763122558594,2.136735200881958,None,3,[1 0 1 1 0 0 0 0 1 0 0 2 0 1 1 0 1 2 0 0 0 0 0 1 1 1 1],[1. 1. 1. 1. 1. 1. 1.],[1. 1. 1. 1. 1. 1. 1.]
100,Egreedy,1,100,5.5/3.75,0.006779193878173828,2.143514394760132,None,1,[1 0 1 1 0 0 0 0 1 0 0 2 0 1 1 0 1 2 0 0 0 0 0 1 0 1 1],[1. 1. 1. 1. 1. 1. 1.],[1. 1. 1. 1. 1. 1. 1.]
101,Egreedy,1,101,5.75/4.0,0.007468223571777344,2.150982618331909,None,1,[1 0 1 1 0 0 0 0 1 0 0 2 2 0 0 0 0 2 0 0 0 0 0 1 0 1 1],[1. 1. 1. 1. 1. 1. 1.],[1. 1. 1. 1. 1. 1. 1.]
102,Egreedy,1,102,5.5/3.75,0.006666421890258789,2.157649040222168,None,1,[1 0 1 1 0 0 0 0 1 0 0 2 2 0 0 0 0 2 0 0 0 0 0 1 0 0 1],[1. 1. 1. 1. 1. 1. 1.],[1. 1. 1. 1. 1. 1. 1.]
103,Egreedy,1,103,6.0/3.75,0.03238344192504883,2.190032482147217,None,24,[0 0 0 0 0 0 0 1 1 1 1 2 0 1 1 1 1 0 1 1 1 1 0 1 1 1 1],[1. 1. 1. 1. 1. 1. 1.],[1. 1. 1. 1. 1. 1. 1.]
104,Egreedy,1,104,5.75/3.5,0.006984710693359375,2.197017192840576,None,1,[0 0 0 0 0 0 0 0 1 1 1 2 0 1 1 1 1 0 1 1 1 1 0 1 1 1 1],[1. 1. 1. 1. 1. 1. 1.],[1. 1. 1. 1. 1. 1. 1.]
105,Egreedy,1,105,6.5/3.75,0.007763385772705078,2.2047805786132812,None,1,[0 0 0 0 0 0 2 0 0 0 0 2 0 1 1 1 1 0 1 1 1 1 0 1 1 1 1],[1. 1. 1. 1. 1. 1. 1.],[1. 1. 1. 1. 1. 1. 1.]
106,Egreedy,1,106,6.5/3.75,0.02143120765686035,2.2262117862701416,None,3,[0 0 1 0 0 0 2 0 0 0 0 2 0 1 1 1 1 0 1 1 1 0 0 1 1 1 1],[1. 1. 1. 1. 1. 1. 1.],[1. 1. 1. 1. 1. 1. 1.]
107,Egreedy,1,107,5.25/3.0,0.02649378776550293,2.2527055740356445,None,24,[1 0 0 0 0 0 0 0 0 0 0 2 0 1 1 1 1 0 1 1 1 1 0 1 1 1 1],[1. 1. 1. 1. 1. 1. 1.],[1. 1. 1. 1. 1. 1. 1.]
108,Egreedy,1,108,5.5/3.25,0.020765304565429688,2.273470878601074,None,3,[1 0 0 1 1 0 0 0 0 0 0 2 0 1 1 1 1 0 1 1 1 1 0 0 1 1 1],[1. 1. 1. 1. 1. 1. 1.],[1. 1. 1. 1. 1. 1. 1.]
109,Egreedy,1,109,5.25/3.5,0.020694255828857422,2.2941651344299316,None,3,[1 0 0 1 1 0 0 0 0 0 0 2 0 1 1 0 1 0 1 1 1 1 0 0 1 1 1],[1. 1. 1. 1. 1. 1. 1.],[1. 1. 1. 1. 1. 1. 1.]
110,Egreedy,1,110,6.0/4.25,0.01374197006225586,2.3079071044921875,None,2,[1 0 0 1 1 0 2 0 0 0 0 2 0 1 1 0 1 0 1 1 1 1 0 0 1 0 1],[1. 1. 1. 1. 1. 1. 1.],[1. 1. 1. 1. 1. 1. 1.]
111,Egreedy,1,111,5.75/4.0,0.006867408752441406,2.314774513244629,None,1,[1 0 0 1 1 0 2 0 0 0 0 2 0 0 1 0 1 0 1 1 1 1 0 0 1 0 1],[1. 1. 1. 1. 1. 1. 1.],[1. 1. 1. 1. 1. 1. 1.]
112,Egreedy,1,112,5.5/3.75,0.00683140754699707,2.321605920791626,None,1,[1 0 0 1 1 0 2 0 0 0 0 2 0 0 0 0 1 0 1 1 1 1 0 0 1 0 1],[1. 1. 1. 1. 1. 1. 1.],[1. 1. 1. 1. 1. 1. 1.]
113,Egreedy,1,113,6.25/4.5,0.014443635940551758,2.3360495567321777,None,2,[1 0 0 1 1 0 2 0 0 0 0 2 2 0 0 0 0 0 1 1 1 1 0 0 1 0 1],[1. 1. 1. 1. 1. 1. 1.],[1. 1. 1. 1. 1. 1. 1.]
114,Egreedy,1,114,6.0/4.25,0.014275074005126953,2.3503246307373047,None,2,[1 0 0 1 1 0 2 0 0 0 0 2 2 0 0 0 0 0 1 1 1 1 0 0 0 0 1],[1. 1. 1. 1. 1. 1. 1.],[1. 1. 1. 1. 1. 1. 1.]
115,Egreedy,1,115,5.25/5.5,0.013526678085327148,2.363851308822632,None,2,[1 0 1 1 1 0 2 0 0 0 0 0 2 0 0 0 0 0 1 1 1 1 0 0 0 0 1],[1. 1. 1. 1. 1. 1. 1.],[1. 1. 1. 1. 1. 1. 1.]
116,Egreedy,1,116,4.25/4.5,0.006775856018066406,2.3706271648406982,None,1,[1 0 1 1 1 0 0 0 0 0 0 0 2 0 0 0 0 0 1 1 1 1 0 0 0 0 1],[1. 1. 1. 1. 1. 1. 1.],[1. 1. 1. 1. 1. 1. 1.]
117,Egreedy,1,117,4.25/4.5,0.013517618179321289,2.3841447830200195,None,2,[1 0 1 1 1 0 0 1 0 0 0 0 2 0 0 0 0 0 1 1 0 1 0 0 0 0 1],[1. 1. 1. 1. 1. 1. 1.],[1. 1. 1. 1. 1. 1. 1.]
118,Egreedy,1,118,5.0/5.25,0.0075070858001708984,2.3916518688201904,None,1,[1 0 1 1 1 0 0 1 0 0 0 0 2 0 0 0 0 0 1 1 0 1 2 0 0 0 0],[1. 1. 1. 1. 1. 1. 1.],[1. 1. 1. 1. 1. 1. 1.]
119,Egreedy,1,119,3.5/5.75,0.021574735641479492,2.41322660446167,None,3,[1 2 0 0 0 0 0 1 0 0 0 0 2 0 0 0 0 0 1 1 1 1 2 0 0 0 0],[1. 1. 1. 1. 1. 1. 1.],[1. 1. 1. 1. 1. 1. 1.]
120,Egreedy,1,120,3.25/5.5,0.006630659103393555,2.4198572635650635,None,1,[1 2 0 0 0 0 0 1 0 0 0 0 2 0 0 0 0 0 1 0 1 1 2 0 0 0 0],[1. 1. 1. 1. 1. 1. 1.],[1. 1. 1. 1. 1. 1. 1.]
121,Egreedy,1,121,3.0/5.25,0.0065784454345703125,2.426435708999634,None,1,[1 2 0 0 0 0 0 1 0 0 0 0 2 0 0 0 0 0 1 0 1 0 2 0 0 0 0],[1. 1. 1. 1. 1. 1. 1.],[1. 1. 1. 1. 1. 1. 1.]
122,Egreedy,1,122,2.75/5.0,0.006563425064086914,2.4329991340637207,None,1,[1 2 0 0 0 0 0 1 0 0 0 0 2 0 0 0 0 0 1 0 0 0 2 0 0 0 0],[1. 1. 1. 1. 1. 1. 1.],[1. 1. 1. 1. 1. 1. 1.]
123,Egreedy,1,123,6.0/3.75,0.028190135955810547,2.4611892700195312,None,25,[0 0 1 1 1 1 0 1 1 1 1 2 0 1 1 1 1 0 1 1 1 1 0 0 0 0 0],[1. 1. 1. 1. 1. 1. 1.],[1. 1. 1. 1. 1. 1. 1.]
124,Egreedy,1,124,5.75/3.5,0.007051229476928711,2.46824049949646,None,1,[0 0 1 1 1 1 0 0 1 1 1 2 0 1 1 1 1 0 1 1 1 1 0 0 0 0 0],[1. 1. 1. 1. 1. 1. 1.],[1. 1. 1. 1. 1. 1. 1.]
125,Egreedy,1,125,5.5/3.25,0.006980180740356445,2.4752206802368164,None,1,[0 0 1 1 1 1 0 0 0 1 1 2 0 1 1 1 1 0 1 1 1 1 0 0 0 0 0],[1. 1. 1. 1. 1. 1. 1.],[1. 1. 1. 1. 1. 1. 1.]
126,Egreedy,1,126,5.25/3.0,0.028742313385009766,2.503962993621826,None,26,[1 0 1 1 1 1 0 0 0 0 0 2 0 1 1 1 1 0 1 1 1 1 0 0 0 0 0],[1. 1. 1. 1. 1. 1. 1.],[1. 1. 1. 1. 1. 1. 1.]
127,Egreedy,1,127,4.25/4.0,0.014561891555786133,2.5185248851776123,None,2,[1 2 0 0 0 0 2 0 0 0 0 2 0 1 1 1 1 0 1 1 1 1 0 0 0 0 0],[1. 1. 1. 1. 1. 1. 1.],[1. 1. 1. 1. 1. 1. 1.]
128,Egreedy,1,128,6.5/4.25,0.022054672241210938,2.5405795574188232,None,3,[1 0 1 0 0 0 2 0 0 0 0 2 0 1 1 1 1 0 1 1 1 1 2 0 0 0 0],[1. 1. 1. 1. 1. 1. 1.],[1. 1. 1. 1. 1. 1. 1.]
129,Egreedy,1,129,6.25/4.5,0.006808042526245117,2.5473875999450684,None,1,[1 0 1 0 0 0 2 0 0 0 0 2 0 1 1 0 1 0 1 1 1 1 2 0 0 0 0],[1. 1. 1. 1. 1. 1. 1.],[1. 1. 1. 1. 1. 1. 1.]
130,Egreedy,1,130,6.5/4.25,0.006761312484741211,2.5541489124298096,None,1,[0 0 1 0 0 0 2 0 0 0 0 2 0 1 1 0 1 0 1 1 1 1 2 0 0 0 0],[1. 1. 1. 1. 1. 1. 1.],[1. 1. 1. 1. 1. 1. 1.]
131,Egreedy,1,131,5.5/3.25,0.014255285263061523,2.568404197692871,None,2,[0 0 1 0 0 0 2 0 0 0 0 2 0 1 1 0 1 0 1 1 1 1 0 0 0 0 0],[1. 1. 1. 1. 1. 1. 1.],[1. 1. 1. 1. 1. 1. 1.]
132,Egreedy,1,132,5.25/3.0,0.006735086441040039,2.575139284133911,None,1,[0 0 1 0 0 0 2 0 0 0 0 2 0 1 1 0 0 0 1 1 1 1 0 0 0 0 0],[1. 1. 1. 1. 1. 1. 1.],[1. 1. 1. 1. 1. 1. 1.]
133,Egreedy,1,133,4.25/4.0,0.006688356399536133,2.5818276405334473,None,1,[0 0 1 0 0 0 2 0 0 0 0 0 0 1 1 0 0 0 1 1 1 1 0 0 0 0 0],[1. 1. 1. 1. 1. 1. 1.],[1. 1. 1. 1. 1. 1. 1.]
134,Egreedy,1,134,4.75/3.0,0.029471158981323242,2.6112987995147705,None,27,[1 0 0 0 0 0 0 1 1 1 1 2 0 1 1 1 1 0 1 1 1 1 0 0 0 0 0],[1. 1. 1. 1. 1. 1. 1.],[1. 1. 1. 1. 1. 1. 1.]
135,Egreedy,1,135,6.0/4.25,0.03082585334777832,2.642124652862549,None,28,[0 0 1 1 1 1 0 1 1 1 1 2 0 0 0 0 0 0 1 1 1 1 0 1 1 1 1],[1. 1. 1. 1. 1. 1. 1.],[1. 1. 1. 1. 1. 1. 1.]
136,Egreedy,1,136,5.75/4.0,0.00705265998840332,2.649177312850952,None,1,[0 0 1 1 1 1 0 1 0 1 1 2 0 0 0 0 0 0 1 1 1 1 0 1 1 1 1],[1. 1. 1. 1. 1. 1. 1.],[1. 1. 1. 1. 1. 1. 1.]
137,Egreedy,1,137,6.0/3.75,0.006991863250732422,2.6561691761016846,None,1,[0 0 1 1 1 1 0 1 0 1 0 2 0 0 0 0 0 0 1 1 1 1 0 1 1 1 1],[1. 1. 1. 1. 1. 1. 1.],[1. 1. 1. 1. 1. 1. 1.]
138,Egreedy,1,138,5.75/3.5,0.006952047348022461,2.663121223449707,None,1,[0 0 1 1 1 0 0 1 0 1 0 2 0 0 0 0 0 0 1 1 1 1 0 1 1 1 1],[1. 1. 1. 1. 1. 1. 1.],[1. 1. 1. 1. 1. 1. 1.]
139,Egreedy,1,139,5.25/3.5,0.03152942657470703,2.694650650024414,None,29,[1 0 1 1 1 1 0 0 0 0 0 2 0 0 0 0 0 0 1 1 1 1 0 1 1 1 1],[1. 1. 1. 1. 1. 1. 1.],[1. 1. 1. 1. 1. 1. 1.]
140,Egreedy,1,140,5.0/3.25,0.0069446563720703125,2.7015953063964844,None,1,[1 0 1 1 1 1 0 0 0 0 0 2 0 0 0 0 0 0 1 1 1 1 0 1 0 1 1],[1. 1. 1. 1. 1. 1. 1.],[1. 1. 1. 1. 1. 1. 1.]
141,Egreedy,1,141,5.25/3.0,0.006857872009277344,2.7084531784057617,None,1,[0 0 1 1 1 1 0 0 0 0 0 2 0 0 0 0 0 0 1 1 1 1 0 1 0 1 1],[1. 1. 1. 1. 1. 1. 1.],[1. 1. 1. 1. 1. 1. 1.]
142,Egreedy,1,142,5.5/3.25,0.02063155174255371,2.7290847301483154,None,3,[0 0 1 1 1 1 0 0 0 1 0 2 0 1 0 0 0 0 1 1 1 0 0 1 0 1 1],[1. 1. 1. 1. 1. 1. 1.],[1. 1. 1. 1. 1. 1. 1.]
143,Egreedy,1,143,5.25/3.0,0.00686335563659668,2.735948085784912,None,1,[0 0 1 1 1 1 0 0 0 1 0 2 0 1 0 0 0 0 0 1 1 0 0 1 0 1 1],[1. 1. 1. 1. 1. 1. 1.],[1. 1. 1. 1. 1. 1. 1.]
144,Egreedy,1,144,5.75/3.5,0.00759434700012207,2.743542432785034,None,1,[0 0 1 1 1 1 0 0 0 1 0 2 0 1 0 0 0 2 0 0 0 0 0 1 0 1 1],[1. 1. 1. 1. 1. 1. 1.],[1. 1. 1. 1. 1. 1. 1.]
145,Egreedy,1,145,5.5/3.25,0.00678706169128418,2.7503294944763184,None,1,[0 0 1 0 1 1 0 0 0 1 0 2 0 1 0 0 0 2 0 0 0 0 0 1 0 1 1],[1. 1. 1. 1. 1. 1. 1.],[1. 1. 1. 1. 1. 1. 1.]
146,Egreedy,1,146,4.75/3.5,0.046939849853515625,2.797269344329834,None,32,[1 0 0 0 0 0 0 1 1 1 1 2 0 0 0 0 0 0 1 1 1 1 0 1 1 1 1],[1. 1. 1. 1. 1. 1. 1.],[1. 1. 1. 1. 1. 1. 1.]
147,Egreedy,1,147,4.75/3.5,0.007653474807739258,2.8049228191375732,None,1,[1 0 0 0 0 0 0 1 1 1 1 2 0 0 0 0 0 2 0 0 0 0 0 1 1 1 1],[1. 1. 1. 1. 1. 1. 1.],[1. 1. 1. 1. 1. 1. 1.]
148,Egreedy,1,148,4.5/3.25,0.006836414337158203,2.8117592334747314,None,1,[1 0 0 0 0 0 0 1 1 1 1 2 0 0 0 0 0 2 0 0 0 0 0 0 1 1 1],[1. 1. 1. 1. 1. 1. 1.],[1. 1. 1. 1. 1. 1. 1.]
149,Egreedy,1,149,5.25/3.5,0.02035665512084961,2.832115888595581,None,3,[0 0 1 0 0 0 0 1 1 1 1 2 0 0 0 0 1 2 0 0 0 0 0 0 1 1 1],[1. 1. 1. 1. 1. 1. 1.],[1. 1. 1. 1. 1. 1. 1.]
150,Egreedy,1,150,5.5/3.25,0.006774187088012695,2.8388900756835938,None,1,[0 0 1 0 0 0 0 1 1 1 0 2 0 0 0 0 1 2 0 0 0 0 0 0 1 1 1],[1. 1. 1. 1. 1. 1. 1.],[1. 1. 1. 1. 1. 1. 1.]
151,Egreedy,1,151,6.0/3.25,0.027247190475463867,2.8661372661590576,None,4,[0 0 1 1 0 0 0 1 1 1 0 2 0 0 0 1 1 2 0 0 0 0 0 1 1 1 0],[1. 1. 1. 1. 1. 1. 1.],[1. 1. 1. 1. 1. 1. 1.]
152,Egreedy,1,152,4.75/3.5,0.03347659111022949,2.899613857269287,None,31,[1 0 1 1 1 1 0 1 1 1 1 2 0 0 0 0 0 0 1 1 1 1 0 0 0 0 0],[1. 1. 1. 1. 1. 1. 1.],[1. 1. 1. 1. 1. 1. 1.]
153,Egreedy,1,153,4.75/3.5,0.0218203067779541,2.921434164047241,None,3,[1 0 1 0 1 1 0 1 1 1 1 2 0 0 0 0 0 0 1 1 1 1 0 0 0 1 0],[1. 1. 1. 1. 1. 1. 1.],[1. 1. 1. 1. 1. 1. 1.]
154,Egreedy,1,154,6.0/3.75,0.05571556091308594,2.977149724960327,None,35,[0 0 1 1 1 1 0 1 1 1 1 2 0 1 1 1 1 0 0 0 0 0 0 1 1 1 1],[1. 1. 1. 1. 1. 1. 1.],[1. 1. 1. 1. 1. 1. 1.]
155,Egreedy,1,155,5.75/3.5,0.007052421569824219,2.9842021465301514,None,1,[0 0 1 0 1 1 0 1 1 1 1 2 0 1 1 1 1 0 0 0 0 0 0 1 1 1 1],[1. 1. 1. 1. 1. 1. 1.],[1. 1. 1. 1. 1. 1. 1.]
156,Egreedy,1,156,5.5/3.25,0.006997585296630859,2.9911997318267822,None,1,[0 0 1 0 1 1 0 1 1 1 1 2 0 1 1 1 0 0 0 0 0 0 0 1 1 1 1],[1. 1. 1. 1. 1. 1. 1.],[1. 1. 1. 1. 1. 1. 1.]
157,Egreedy,1,157,5.25/3.5,0.006955385208129883,2.998155117034912,None,1,[0 0 1 0 1 1 0 1 1 1 1 2 0 1 1 0 0 0 0 0 0 0 0 1 1 1 1],[1. 1. 1. 1. 1. 1. 1.],[1. 1. 1. 1. 1. 1. 1.]
158,Egreedy,1,158,5.0/3.25,0.006932258605957031,3.005087375640869,None,1,[0 0 1 0 1 1 0 1 1 1 1 2 0 1 1 0 0 0 0 0 0 0 0 1 0 1 1],[1. 1. 1. 1. 1. 1. 1.],[1. 1. 1. 1. 1. 1. 1.]
159,Egreedy,1,159,4.25/4.5,0.02933669090270996,3.034424066543579,None,4,[0 2 0 0 0 0 0 1 1 1 1 2 0 1 1 0 0 2 0 0 0 0 0 1 0 1 1],[1. 1. 1. 1. 1. 1. 1.],[1. 1. 1. 1. 1. 1. 1.]
160,Egreedy,1,160,4.0/4.25,0.006810665130615234,3.0412347316741943,None,1,[0 2 0 0 0 0 0 1 1 1 1 2 0 1 1 0 0 2 0 0 0 0 0 1 0 1 0],[1. 1. 1. 1. 1. 1. 1.],[1. 1. 1. 1. 1. 1. 1.]
161,Egreedy,1,161,3.75/4.0,0.014356374740600586,3.055591106414795,None,2,[0 2 0 0 0 0 0 1 0 1 1 2 0 1 1 0 0 2 0 0 0 0 0 1 0 1 0],[1. 1. 1. 1. 1. 1. 1.],[1. 1. 1. 1. 1. 1. 1.]
162,Egreedy,1,162,4.0/3.75,0.035321712493896484,3.0909128189086914,None,5,[0 2 0 0 0 0 0 1 0 1 0 2 0 1 1 0 0 2 0 0 0 0 0 1 0 1 0],[1. 1. 1. 1. 1. 1. 1.],[1. 1. 1. 1. 1. 1. 1.]
163,Egreedy,1,163,3.75/3.5,0.00667881965637207,3.0975916385650635,None,1,[0 2 0 0 0 0 0 1 0 1 0 2 0 1 0 0 0 2 0 0 0 0 0 1 0 1 0],[1. 1. 1. 1. 1. 1. 1.],[1. 1. 1. 1. 1. 1. 1.]
164,Egreedy,1,164,4.0/4.25,0.027407169342041016,3.1249988079071045,None,4,[1 2 0 0 0 0 2 0 0 0 0 2 0 1 0 0 0 2 0 0 0 0 0 1 0 1 0],[1. 1. 1. 1. 1. 1. 1.],[1. 1. 1. 1. 1. 1. 1.]
165,Egreedy,1,165,3.25/3.5,0.02193593978881836,3.146934747695923,None,3,[1 2 0 0 0 0 2 0 0 0 0 2 0 1 0 0 0 0 1 0 0 0 0 1 0 1 0],[1. 1. 1. 1. 1. 1. 1.],[1. 1. 1. 1. 1. 1. 1.]
166,Egreedy,1,166,3.75/3.5,0.05668282508850098,3.203617572784424,None,8,[1 2 0 0 0 0 2 0 0 0 0 2 0 0 0 1 1 0 1 0 1 0 0 1 0 1 0],[1. 1. 1. 1. 1. 1. 1.],[1. 1. 1. 1. 1. 1. 1.]
167,Egreedy,1,167,2.75/2.5,0.006764650344848633,3.2103822231292725,None,1,[1 2 0 0 0 0 0 0 0 0 0 2 0 0 0 1 1 0 1 0 1 0 0 1 0 1 0],[1. 1. 1. 1. 1. 1. 1.],[1. 1. 1. 1. 1. 1. 1.]
168,Egreedy,1,168,3.25/3.5,0.022280216217041016,3.2326624393463135,None,3,[1 2 0 0 0 0 0 0 0 0 0 2 2 0 0 0 0 0 1 0 1 0 0 1 0 1 0],[1. 1. 1. 1. 1. 1. 1.],[1. 1. 1. 1. 1. 1. 1.]
169,Egreedy,1,169,5.25/3.0,0.04974699020385742,3.282409429550171,None,35,[1 0 1 1 1 1 0 0 0 0 0 2 0 1 1 1 1 0 0 0 0 0 0 1 1 1 1],[1. 1. 1. 1. 1. 1. 1.],[1. 1. 1. 1. 1. 1. 1.]
170,Egreedy,1,170,5.25/3.0,0.01398015022277832,3.296389579772949,None,2,[1 0 0 1 1 1 0 0 1 0 0 2 0 1 1 1 1 0 0 0 0 0 0 1 1 1 1],[1. 1. 1. 1. 1. 1. 1.],[1. 1. 1. 1. 1. 1. 1.]
171,Egreedy,1,171,6.25/4.5,0.014579534530639648,3.310969114303589,None,2,[1 0 0 1 1 1 0 0 1 0 0 2 2 0 0 0 0 2 0 0 0 0 0 1 1 1 1],[1. 1. 1. 1. 1. 1. 1.],[1. 1. 1. 1. 1. 1. 1.]
172,Egreedy,1,172,6.25/4.5,0.021409988403320312,3.332379102706909,None,3,[1 0 0 0 1 1 0 1 1 0 0 2 2 0 0 0 0 2 0 0 0 0 0 1 1 1 1],[1. 1. 1. 1. 1. 1. 1.],[1. 1. 1. 1. 1. 1. 1.]
173,Egreedy,1,173,6.0/4.25,0.00685572624206543,3.3392348289489746,None,1,[1 0 0 0 1 1 0 0 1 0 0 2 2 0 0 0 0 2 0 0 0 0 0 1 1 1 1],[1. 1. 1. 1. 1. 1. 1.],[1. 1. 1. 1. 1. 1. 1.]
174,Egreedy,1,174,6.25/4.0,0.014337778091430664,3.3535726070404053,None,2,[0 0 0 0 1 1 0 0 1 0 0 2 2 0 0 0 0 2 0 0 0 0 0 1 1 1 1],[1. 1. 1. 1. 1. 1. 1.],[1. 1. 1. 1. 1. 1. 1.]
175,Egreedy,1,175,5.25/3.0,0.006808042526245117,3.3603806495666504,None,1,[0 0 0 0 1 1 0 0 1 0 0 2 2 0 0 0 0 0 0 0 0 0 0 1 1 1 1],[1. 1. 1. 1. 1. 1. 1.],[1. 1. 1. 1. 1. 1. 1.]
176,Egreedy,1,176,5.5/3.25,0.014017105102539062,3.3743977546691895,None,2,[0 0 0 0 1 1 0 0 1 0 0 2 2 0 0 0 0 0 0 1 0 0 2 0 0 0 0],[1. 1. 1. 1. 1. 1. 1.],[1. 1. 1. 1. 1. 1. 1.]
177,Egreedy,1,177,4.75/4.5,0.013389348983764648,3.387787103652954,None,2,[0 0 0 0 1 1 0 0 1 0 0 0 2 0 0 0 0 0 0 1 1 0 2 0 0 0 0],[1. 1. 1. 1. 1. 1. 1.],[1. 1. 1. 1. 1. 1. 1.]
178,Egreedy,1,178,4.5/4.25,0.021257400512695312,3.4090445041656494,None,3,[0 0 0 0 0 1 0 0 1 0 0 0 2 0 0 0 0 0 0 1 1 0 2 0 0 0 0],[1. 1. 1. 1. 1. 1. 1.],[1. 1. 1. 1. 1. 1. 1.]
179,Egreedy,1,179,4.5/4.25,0.013254880905151367,3.422299385070801,None,2,[0 0 1 0 0 1 0 0 0 0 0 0 2 0 0 0 0 0 0 1 1 0 2 0 0 0 0],[1. 1. 1. 1. 1. 1. 1.],[1. 1. 1. 1. 1. 1. 1.]
180,Egreedy,1,180,4.75/3.0,0.03688216209411621,3.459181547164917,None,34,[1 0 0 0 0 0 0 1 1 1 1 2 0 1 1 1 1 0 0 0 0 0 0 1 1 1 1],[1. 1. 1. 1. 1. 1. 1.],[1. 1. 1. 1. 1. 1. 1.]
181,Egreedy,1,181,5.25/3.0,0.013974428176879883,3.473155975341797,None,2,[0 0 0 0 1 0 0 1 1 1 1 2 0 1 1 1 1 0 0 0 0 0 0 1 1 1 1],[1. 1. 1. 1. 1. 1. 1.],[1. 1. 1. 1. 1. 1. 1.]
182,Egreedy,1,182,5.0/2.75,0.0069446563720703125,3.480100631713867,None,1,[0 0 0 0 1 0 0 1 0 1 1 2 0 1 1 1 1 0 0 0 0 0 0 1 1 1 1],[1. 1. 1. 1. 1. 1. 1.],[1. 1. 1. 1. 1. 1. 1.]
183,Egreedy,1,183,4.75/2.5,0.006916522979736328,3.4870171546936035,None,1,[0 0 0 0 1 0 0 1 0 1 1 2 0 1 0 1 1 0 0 0 0 0 0 1 1 1 1],[1. 1. 1. 1. 1. 1. 1.],[1. 1. 1. 1. 1. 1. 1.]
184,Egreedy,1,184,3.25/3.5,0.01472616195678711,3.5017433166503906,None,2,[1 2 0 0 0 0 0 1 0 1 1 2 0 1 0 1 1 0 0 0 0 0 0 1 1 1 1],[1. 1. 1. 1. 1. 1. 1.],[1. 1. 1. 1. 1. 1. 1.]
185,Egreedy,1,185,2.25/4.5,0.0069696903228759766,3.5087130069732666,None,1,[1 2 0 0 0 0 0 1 0 1 1 0 0 1 0 1 1 0 0 0 0 0 0 1 1 1 1],[1. 1. 1. 1. 1. 1. 1.],[1. 1. 1. 1. 1. 1. 1.]
186,Egreedy,1,186,2.0/4.25,0.006901264190673828,3.5156142711639404,None,1,[1 2 0 0 0 0 0 1 0 1 1 0 0 0 0 1 1 0 0 0 0 0 0 1 1 1 1],[1. 1. 1. 1. 1. 1. 1.],[1. 1. 1. 1. 1. 1. 1.]
187,Egreedy,1,187,2.25/4.0,0.006840944290161133,3.5224552154541016,None,1,[0 2 0 0 0 0 0 1 0 1 1 0 0 0 0 1 1 0 0 0 0 0 0 1 1 1 1],[1. 1. 1. 1. 1. 1. 1.],[1. 1. 1. 1. 1. 1. 1.]
188,Egreedy,1,188,4.75/3.0,0.03799319267272949,3.560448408126831,None,35,[1 0 1 1 1 1 0 1 1 1 1 2 0 1 1 1 1 0 0 0 0 0 0 0 0 0 0],[1. 1. 1. 1. 1. 1. 1.],[1. 1. 1. 1. 1. 1. 1.]
189,Egreedy,1,189,4.75/3.5,0.03899502754211426,3.5994434356689453,None,36,[1 0 1 1 1 1 0 1 1 1 1 2 0 0 0 0 0 0 0 0 0 0 0 1 1 1 1],[1. 1. 1. 1. 1. 1. 1.],[1. 1. 1. 1. 1. 1. 1.]
190,Egreedy,1,190,6.0/5.75,0.04018545150756836,3.6396288871765137,None,37,[0 0 1 1 1 1 0 1 1 1 1 0 0 1 1 1 1 0 1 1 1 1 2 0 0 0 0],[1. 1. 1. 1. 1. 1. 1.],[1. 1. 1. 1. 1. 1. 1.]
191,Egreedy,1,191,5.75/6.0,0.007167816162109375,3.646796703338623,None,1,[0 0 1 1 1 1 0 1 1 1 1 0 0 1 1 0 1 0 1 1 1 1 2 0 0 0 0],[1. 1. 1. 1. 1. 1. 1.],[1. 1. 1. 1. 1. 1. 1.]
192,Egreedy,1,192,6.0/5.75,0.015057802200317383,3.6618545055389404,None,2,[0 0 1 1 1 1 0 1 1 1 0 0 0 1 1 0 1 0 1 1 1 1 2 0 0 0 0],[1. 1. 1. 1. 1. 1. 1.],[1. 1. 1. 1. 1. 1. 1.]
193,Egreedy,1,193,5.75/5.5,0.00700068473815918,3.6688551902770996,None,1,[0 0 1 1 1 1 0 1 1 1 0 0 0 1 1 0 1 0 1 0 1 1 2 0 0 0 0],[1. 1. 1. 1. 1. 1. 1.],[1. 1. 1. 1. 1. 1. 1.]
194,Egreedy,1,194,5.25/5.0,0.040959835052490234,3.70981502532959,None,38,[1 0 1 1 1 1 0 0 0 0 0 0 0 1 1 1 1 0 1 1 1 1 2 0 0 0 0],[1. 1. 1. 1. 1. 1. 1.],[1. 1. 1. 1. 1. 1. 1.]
195,Egreedy,1,195,5.25/5.0,0.007735013961791992,3.717550039291382,None,1,[1 0 1 1 1 1 0 0 0 0 0 0 0 1 1 1 1 2 0 0 0 0 2 0 0 0 0],[1. 1. 1. 1. 1. 1. 1.],[1. 1. 1. 1. 1. 1. 1.]
196,Egreedy,1,196,4.75/5.0,0.04880499839782715,3.766355037689209,None,40,[1 0 0 0 0 0 0 1 1 1 1 0 0 1 1 1 1 0 1 1 1 1 2 0 0 0 0],[1. 1. 1. 1. 1. 1. 1.],[1. 1. 1. 1. 1. 1. 1.]
197,Egreedy,1,197,5.25/5.0,0.007723569869995117,3.774078607559204,None,1,[1 0 0 0 0 0 2 0 0 0 0 0 0 1 1 1 1 0 1 1 1 1 2 0 0 0 0],[1. 1. 1. 1. 1. 1. 1.],[1. 1. 1. 1. 1. 1. 1.]
198,Egreedy,1,198,4.25/4.0,0.014521598815917969,3.788600206375122,None,2,[1 0 0 0 0 0 0 0 0 0 0 0 0 1 1 1 1 0 1 1 1 1 2 0 0 0 0],[1. 1. 1. 1. 1. 1. 1.],[1. 1. 1. 1. 1. 1. 1.]
199,Egreedy,1,199,4.0/4.75,0.020604848861694336,3.8092050552368164,None,3,[1 0 0 0 0 0 0 0 1 0 1 0 0 1 1 0 1 0 1 1 1 1 2 0 0 0 0],[1. 1. 1. 1. 1. 1. 1.],[1. 1. 1. 1. 1. 1. 1.]
200,Egreedy,1,200,3.25/5.5,0.013674736022949219,3.8228797912597656,None,2,[0 2 0 0 0 0 0 0 1 0 1 0 0 1 1 0 1 0 1 1 1 1 2 0 0 0 0],[1. 1. 1. 1. 1. 1. 1.],[1. 1. 1. 1. 1. 1. 1.]
201,Egreedy,1,201,4.5/5.75,0.01455235481262207,3.8374321460723877,None,2,[0 2 0 0 0 0 2 0 0 0 0 0 0 1 1 1 1 0 1 1 1 1 2 0 0 0 0],[1. 1. 1. 1. 1. 1. 1.],[1. 1. 1. 1. 1. 1. 1.]
202,Egreedy,1,202,3.75/5.0,0.007689952850341797,3.8451220989227295,None,1,[0 2 0 0 0 0 2 0 0 0 0 0 0 1 1 1 1 0 1 1 1 1 0 0 0 0 1],[1. 1. 1. 1. 1. 1. 1.],[1. 1. 1. 1. 1. 1. 1.]
203,Egreedy,1,203,4.75/5.5,0.04987287521362305,3.8949949741363525,None,41,[1 0 1 1 1 1 0 1 1 1 1 0 0 0 0 0 0 0 1 1 1 1 2 0 0 0 0],[1. 1. 1. 1. 1. 1. 1.],[1. 1. 1. 1. 1. 1. 1.]
204,Egreedy,1,204,5.25/5.5,0.007675886154174805,3.9026708602905273,None,1,[1 0 1 1 1 1 2 0 0 0 0 0 0 0 0 0 0 0 1 1 1 1 2 0 0 0 0],[1. 1. 1. 1. 1. 1. 1.],[1. 1. 1. 1. 1. 1. 1.]
205,Egreedy,1,205,4.75/5.0,0.050888776779174805,3.953559637069702,None,42,[1 0 1 1 1 1 0 1 1 1 1 0 0 1 1 1 1 0 0 0 0 0 2 0 0 0 0],[1. 1. 1. 1. 1. 1. 1.],[1. 1. 1. 1. 1. 1. 1.]
206,Egreedy,1,206,4.5/4.75,0.006953001022338867,3.960512638092041,None,1,[1 0 1 1 1 1 0 1 1 1 1 0 0 1 1 1 0 0 0 0 0 0 2 0 0 0 0],[1. 1. 1. 1. 1. 1. 1.],[1. 1. 1. 1. 1. 1. 1.]
207,Egreedy,1,207,4.75/4.5,0.0070188045501708984,3.967531442642212,None,1,[0 0 1 1 1 1 0 1 1 1 1 0 0 1 1 1 0 0 0 0 0 0 2 0 0 0 0],[1. 1. 1. 1. 1. 1. 1.],[1. 1. 1. 1. 1. 1. 1.]
208,Egreedy,1,208,4.75/4.5,0.013879776000976562,3.9814112186431885,None,2,[0 0 1 0 1 1 0 1 1 1 1 0 0 1 1 1 0 0 0 1 0 0 2 0 0 0 0],[1. 1. 1. 1. 1. 1. 1.],[1. 1. 1. 1. 1. 1. 1.]
209,Egreedy,1,209,4.5/4.25,0.02068805694580078,4.002099275588989,None,3,[0 0 1 0 1 1 0 0 1 1 1 0 0 1 1 1 0 0 0 1 0 0 2 0 0 0 0],[1. 1. 1. 1. 1. 1. 1.],[1. 1. 1. 1. 1. 1. 1.]
210,Egreedy,1,210,4.25/4.0,0.006857872009277344,4.008957147598267,None,1,[0 0 1 0 1 1 0 0 0 1 1 0 0 1 1 1 0 0 0 1 0 0 2 0 0 0 0],[1. 1. 1. 1. 1. 1. 1.],[1. 1. 1. 1. 1. 1. 1.]
211,Egreedy,1,211,3.5/3.75,0.007500648498535156,4.016457796096802,None,1,[0 0 1 0 1 1 0 0 0 1 1 0 2 0 0 0 0 0 0 1 0 0 0 0 0 0 0],[1. 1. 1. 1. 1. 1. 1.],[1. 1. 1. 1. 1. 1. 1.]
212,Egreedy,1,212,3.25/3.5,0.006752490997314453,4.023210287094116,None,1,[0 0 1 0 1 1 0 0 0 0 1 0 2 0 0 0 0 0 0 1 0 0 0 0 0 0 0],[1. 1. 1. 1. 1. 1. 1.],[1. 1. 1. 1. 1. 1. 1.]
213,Egreedy,1,213,3.0/3.25,0.014002799987792969,4.037213087081909,None,2,[0 0 1 0 1 0 0 0 0 0 1 0 2 0 0 0 0 0 0 1 0 0 0 0 0 0 0],[1. 1. 1. 1. 1. 1. 1.],[1. 1. 1. 1. 1. 1. 1.]
214,Egreedy,1,214,1.75/4.0,0.013887643814086914,4.051100730895996,None,2,[0 2 0 0 0 0 0 0 0 0 1 0 2 0 0 0 0 0 0 1 0 0 0 0 0 1 0],[1. 1. 1. 1. 1. 1. 1.],[1. 1. 1. 1. 1. 1. 1.]
215,Egreedy,1,215,4.5/6.25,5.716058254241943,9.76715898513794,None,6002,[0 2 0 0 0 0 2 0 0 0 0 0 2 0 0 0 0 2 0 0 0 0 0 1 1 1 1],[1. 1. 1. 1. 1. 1. 1.],[1. 1. 1. 1. 1. 1. 1.]
216,Egreedy,1,216,3.5/5.25,0.0066680908203125,9.773827075958252,None,1,[0 2 0 0 0 0 2 0 0 0 0 0 2 0 0 0 0 0 0 0 0 0 0 1 1 1 1],[1. 1. 1. 1. 1. 1. 1.],[1. 1. 1. 1. 1. 1. 1.]
217,Egreedy,1,217,2.5/4.75,0.014036417007446289,9.787863492965698,None,2,[0 2 0 0 0 0 0 0 0 0 1 0 2 0 0 0 0 0 0 0 0 1 0 1 1 1 1],[1. 1. 1. 1. 1. 1. 1.],[1. 1. 1. 1. 1. 1. 1.]
218,Egreedy,1,218,3.25/5.5,0.007420539855957031,9.795284032821655,None,1,[0 2 0 0 0 0 0 0 0 0 1 0 2 0 0 0 0 2 0 0 0 0 0 1 1 1 1],[1. 1. 1. 1. 1. 1. 1.],[1. 1. 1. 1. 1. 1. 1.]
219,Egreedy,1,219,2.25/4.5,0.006684780120849609,9.801968812942505,None,1,[0 2 0 0 0 0 0 0 0 0 1 0 0 0 0 0 0 2 0 0 0 0 0 1 1 1 1],[1. 1. 1. 1. 1. 1. 1.],[1. 1. 1. 1. 1. 1. 1.]
220,Egreedy,1,220,3.25/3.5,0.006631135940551758,9.808599948883057,None,1,[0 0 0 0 0 0 0 0 0 0 1 0 0 0 0 0 0 2 0 0 0 0 0 1 1 1 1],[1. 1. 1. 1. 1. 1. 1.],[1. 1. 1. 1. 1. 1. 1.]
221,Egreedy,1,221,3.25/3.5,0.013242006301879883,9.821841955184937,None,2,[0 0 0 0 0 0 0 1 0 0 1 0 0 0 0 0 0 2 0 0 0 0 0 1 1 0 1],[1. 1. 1. 1. 1. 1. 1.],[1. 1. 1. 1. 1. 1. 1.]
222,Egreedy,1,222,3.25/3.5,0.013172626495361328,9.835014581680298,None,2,[0 0 0 0 0 0 0 1 1 0 1 0 0 0 0 0 0 2 0 0 0 0 0 1 1 0 0],[1. 1. 1. 1. 1. 1. 1.],[1. 1. 1. 1. 1. 1. 1.]
223,Egreedy,1,223,3.25/5.5,0.009356975555419922,9.844371557235718,None,3,[1 2 0 0 0 0 2 0 0 0 0 0 2 0 0 0 0 2 0 0 0 0 0 0 0 0 0],[1. 1. 1. 1. 1. 1. 1.],[1. 1. 1. 1. 1. 1. 1.]
224,Egreedy,1,224,4.5/3.75,0.017193078994750977,9.861564636230469,None,5,[0 2 0 0 0 0 2 0 0 0 0 2 0 1 1 1 1 2 0 0 0 0 0 0 0 0 0],[1. 1. 1. 1. 1. 1. 1.],[1. 1. 1. 1. 1. 1. 1.]
225,Egreedy,1,225,4.25/3.5,0.006650209426879883,9.868214845657349,None,1,[0 2 0 0 0 0 2 0 0 0 0 2 0 0 1 1 1 2 0 0 0 0 0 0 0 0 0],[1. 1. 1. 1. 1. 1. 1.],[1. 1. 1. 1. 1. 1. 1.]
226,Egreedy,1,226,3.25/3.0,0.01413583755493164,9.88235068321228,None,2,[1 2 0 0 0 0 2 0 0 0 0 2 0 0 1 1 1 0 1 0 0 0 0 0 0 0 0],[1. 1. 1. 1. 1. 1. 1.],[1. 1. 1. 1. 1. 1. 1.]
227,Egreedy,1,227,4.5/2.25,0.01334834098815918,9.89569902420044,None,2,[1 0 0 0 0 0 2 0 0 0 0 2 0 0 1 1 1 0 1 0 0 1 0 0 0 0 0],[1. 1. 1. 1. 1. 1. 1.],[1. 1. 1. 1. 1. 1. 1.]
228,Egreedy,1,228,4.75/2.0,0.006815910339355469,9.902514934539795,None,1,[0 0 0 0 0 0 2 0 0 0 0 2 0 0 1 1 1 0 1 0 0 1 0 0 0 0 0],[1. 1. 1. 1. 1. 1. 1.],[1. 1. 1. 1. 1. 1. 1.]
229,Egreedy,1,229,4.5/1.75,0.013895988464355469,9.91641092300415,None,2,[0 0 0 0 0 0 2 0 0 0 0 2 0 0 1 1 0 0 1 0 0 1 0 0 0 0 0],[1. 1. 1. 1. 1. 1. 1.],[1. 1. 1. 1. 1. 1. 1.]
230,Egreedy,1,230,6.5/3.75,0.14325499534606934,10.05966591835022,None,20,[0 0 0 1 1 0 2 0 0 0 0 2 0 1 1 1 1 0 1 0 1 0 2 0 0 0 0],[1. 1. 1. 1. 1. 1. 1.],[1. 1. 1. 1. 1. 1. 1.]
231,Egreedy,1,231,6.25/3.5,0.022013425827026367,10.081679344177246,None,3,[0 0 0 0 1 0 2 0 0 0 0 2 0 1 1 1 1 0 1 0 1 0 2 0 0 0 0],[1. 1. 1. 1. 1. 1. 1.],[1. 1. 1. 1. 1. 1. 1.]
232,Egreedy,1,232,6.0/3.25,0.014309406280517578,10.095988750457764,None,2,[0 0 0 0 1 0 2 0 0 0 0 2 0 0 1 1 1 0 1 0 1 0 2 0 0 0 0],[1. 1. 1. 1. 1. 1. 1.],[1. 1. 1. 1. 1. 1. 1.]
233,Egreedy,1,233,4.5/4.25,0.018651247024536133,10.1146399974823,None,6,[0 2 0 0 0 0 2 0 0 0 0 2 0 0 0 0 0 2 0 0 0 0 0 1 1 1 1],[1. 1. 1. 1. 1. 1. 1.],[1. 1. 1. 1. 1. 1. 1.]
234,Egreedy,1,234,3.5/3.25,0.006675243377685547,10.121315240859985,None,1,[0 2 0 0 0 0 2 0 0 0 0 2 0 0 0 0 0 0 0 0 0 0 0 1 1 1 1],[1. 1. 1. 1. 1. 1. 1.],[1. 1. 1. 1. 1. 1. 1.]
235,Egreedy,1,235,3.5/3.25,0.01330423355102539,10.13461947441101,None,2,[0 2 0 0 0 0 2 0 0 0 0 2 0 0 1 0 0 0 0 0 0 0 0 1 1 1 0],[1. 1. 1. 1. 1. 1. 1.],[1. 1. 1. 1. 1. 1. 1.]
236,Egreedy,1,236,2.75/2.5,0.01321864128112793,10.147838115692139,None,2,[0 2 0 0 0 0 0 0 0 0 0 2 0 1 1 0 0 0 0 0 0 0 0 1 1 1 0],[1. 1. 1. 1. 1. 1. 1.],[1. 1. 1. 1. 1. 1. 1.]
237,Egreedy,1,237,3.25/3.5,0.018258333206176758,10.166096448898315,None,7,[1 2 0 0 0 0 2 0 0 0 0 2 0 0 0 0 0 2 0 0 0 0 0 0 0 0 0],[1. 1. 1. 1. 1. 1. 1.],[1. 1. 1. 1. 1. 1. 1.]
238,Egreedy,1,238,4.5/5.75,0.012713432312011719,10.178809881210327,None,7,[0 2 0 0 0 0 2 0 0 0 0 0 0 1 1 1 1 2 0 0 0 0 2 0 0 0 0],[1. 1. 1. 1. 1. 1. 1.],[1. 1. 1. 1. 1. 1. 1.]
239,Egreedy,1,239,4.25/5.5,0.0068204402923583984,10.185630321502686,None,1,[0 2 0 0 0 0 2 0 0 0 0 0 0 1 1 1 0 2 0 0 0 0 2 0 0 0 0],[1. 1. 1. 1. 1. 1. 1.],[1. 1. 1. 1. 1. 1. 1.]
240,Egreedy,1,240,3.25/5.5,0.012958526611328125,10.198588848114014,None,8,[1 2 0 0 0 0 2 0 0 0 0 0 0 0 0 0 0 2 0 0 0 0 2 0 0 0 0],[1. 1. 1. 1. 1. 1. 1.],[1. 1. 1. 1. 1. 1. 1.]
241,Egreedy,1,241,2.5/4.75,0.007203817367553711,10.205792665481567,None,1,[1 2 0 0 0 0 2 0 0 0 0 0 0 0 0 0 0 2 0 0 0 0 0 0 1 0 0],[1. 1. 1. 1. 1. 1. 1.],[1. 1. 1. 1. 1. 1. 1.]
242,Egreedy,1,242,1.25/4.0,0.007236480712890625,10.213029146194458,None,1,[1 2 0 0 0 0 0 0 0 0 1 0 0 0 0 0 0 2 0 0 0 0 0 0 1 0 0],[1. 1. 1. 1. 1. 1. 1.],[1. 1. 1. 1. 1. 1. 1.]
243,Egreedy,1,243,4.5/4.25,0.04123806953430176,10.25426721572876,None,13,[0 2 0 0 0 0 2 0 0 0 0 2 2 0 0 0 0 0 1 1 1 1 0 0 0 0 0],[1. 1. 1. 1. 1. 1. 1.],[1. 1. 1. 1. 1. 1. 1.]
244,Egreedy,1,244,3.25/3.5,0.0074617862701416016,10.261729001998901,None,1,[0 2 0 0 0 0 0 0 0 0 1 2 2 0 0 0 0 0 1 1 1 1 0 0 0 0 0],[1. 1. 1. 1. 1. 1. 1.],[1. 1. 1. 1. 1. 1. 1.]
245,Egreedy,1,245,3.0/3.25,0.006656646728515625,10.268385648727417,None,1,[0 2 0 0 0 0 0 0 0 0 1 2 2 0 0 0 0 0 1 1 0 1 0 0 0 0 0],[1. 1. 1. 1. 1. 1. 1.],[1. 1. 1. 1. 1. 1. 1.]
246,Egreedy,1,246,2.0/2.25,0.02131962776184082,10.289705276489258,None,3,[0 2 0 0 0 0 0 0 0 0 1 2 0 0 0 0 0 0 1 1 0 1 0 0 0 0 0],[1. 1. 1. 1. 1. 1. 1.],[1. 1. 1. 1. 1. 1. 1.]
247,Egreedy,1,247,1.75/2.0,0.0065691471099853516,10.296274423599243,None,1,[0 2 0 0 0 0 0 0 0 0 1 2 0 0 0 0 0 0 1 0 0 1 0 0 0 0 0],[1. 1. 1. 1. 1. 1. 1.],[1. 1. 1. 1. 1. 1. 1.]
248,Egreedy,1,248,2.25/2.0,0.03378605842590332,10.330060482025146,None,5,[0 2 0 0 0 0 0 0 0 0 1 2 0 1 0 1 0 0 0 0 0 1 0 0 0 0 1],[1. 1. 1. 1. 1. 1. 1.],[1. 1. 1. 1. 1. 1. 1.]
249,Egreedy,1,249,3.0/2.75,0.01456594467163086,10.344626426696777,None,2,[0 2 0 0 0 0 0 0 0 0 1 2 0 1 0 1 0 2 0 0 0 0 0 0 0 0 1],[1. 1. 1. 1. 1. 1. 1.],[1. 1. 1. 1. 1. 1. 1.]
250,Egreedy,1,250,2.75/3.0,0.0066432952880859375,10.351269721984863,None,1,[0 2 0 0 0 0 0 0 0 0 1 2 0 1 0 0 0 2 0 0 0 0 0 0 0 0 1],[1. 1. 1. 1. 1. 1. 1.],[1. 1. 1. 1. 1. 1. 1.]
251,Egreedy,1,251,2.75/3.0,0.020551681518554688,10.371821403503418,None,3,[0 2 0 0 0 0 0 0 0 0 1 2 0 0 0 0 0 2 0 0 0 0 0 1 0 0 1],[1. 1. 1. 1. 1. 1. 1.],[1. 1. 1. 1. 1. 1. 1.]
252,Egreedy,1,252,3.0/3.25,0.013870000839233398,10.385691404342651,None,2,[0 2 0 0 0 0 0 0 0 0 1 2 2 0 0 0 0 0 0 0 0 1 0 1 0 0 1],[1. 1. 1. 1. 1. 1. 1.],[1. 1. 1. 1. 1. 1. 1.]
253,Egreedy,1,253,2.75/3.0,0.03577542304992676,10.421466827392578,None,5,[0 2 0 0 0 0 0 0 0 0 1 2 2 0 0 0 0 0 0 0 0 1 0 0 0 0 1],[1. 1. 1. 1. 1. 1. 1.],[1. 1. 1. 1. 1. 1. 1.]
254,Egreedy,1,254,2.5/2.75,0.006608486175537109,10.428075313568115,None,1,[0 2 0 0 0 0 0 0 0 0 1 2 2 0 0 0 0 0 0 0 0 1 0 0 0 0 0],[1. 1. 1. 1. 1. 1. 1.],[1. 1. 1. 1. 1. 1. 1.]
255,Egreedy,1,255,3.5/3.75,0.01967024803161621,10.447745561599731,None,3,[0 2 0 0 0 0 0 0 0 0 1 2 2 0 0 0 0 0 0 1 0 0 2 0 0 0 0],[1. 1. 1. 1. 1. 1. 1.],[1. 1. 1. 1. 1. 1. 1.]
256,Egreedy,1,256,2.75/3.0,0.007246255874633789,10.454991817474365,None,1,[0 2 0 0 0 0 0 0 0 0 1 2 2 0 0 0 0 0 0 1 0 0 0 0 0 0 1],[1. 1. 1. 1. 1. 1. 1.],[1. 1. 1. 1. 1. 1. 1.]
257,Egreedy,1,257,3.0/2.75,0.0270540714263916,10.482045888900757,None,4,[0 2 0 0 0 0 0 0 0 0 0 2 2 0 0 0 0 0 0 1 0 0 0 0 0 0 1],[1. 1. 1. 1. 1. 1. 1.],[1. 1. 1. 1. 1. 1. 1.]
258,Egreedy,1,258,3.25/3.5,0.015179634094238281,10.497225522994995,None,11,[1 2 0 0 0 0 2 0 0 0 0 2 2 0 0 0 0 0 0 0 0 0 0 0 0 0 0],[1. 1. 1. 1. 1. 1. 1.],[1. 1. 1. 1. 1. 1. 1.]
259,Egreedy,1,259,2.75/3.0,0.014052629470825195,10.51127815246582,None,2,[1 2 0 0 0 0 0 1 0 0 0 2 2 0 0 0 0 0 0 0 1 0 0 0 0 0 0],[1. 1. 1. 1. 1. 1. 1.],[1. 1. 1. 1. 1. 1. 1.]
260,Egreedy,1,260,4.5/6.25,0.016383886337280273,10.5276620388031,None,12,[0 2 0 0 0 0 2 0 0 0 0 0 2 0 0 0 0 0 1 1 1 1 2 0 0 0 0],[1. 1. 1. 1. 1. 1. 1.],[1. 1. 1. 1. 1. 1. 1.]
261,Egreedy,1,261,3.5/5.25,0.006692171096801758,10.534354209899902,None,1,[0 2 0 0 0 0 2 0 0 0 0 0 2 0 0 0 0 0 1 1 1 1 0 0 0 0 0],[1. 1. 1. 1. 1. 1. 1.],[1. 1. 1. 1. 1. 1. 1.]
262,Egreedy,1,262,4.75/4.5,0.007366180419921875,10.541720390319824,None,1,[0 0 1 0 0 0 2 0 0 0 0 0 2 0 0 0 0 0 1 1 1 1 0 0 0 0 0],[1. 1. 1. 1. 1. 1. 1.],[1. 1. 1. 1. 1. 1. 1.]
263,Egreedy,1,263,3.25/5.5,0.01663804054260254,10.558358430862427,None,13,[1 2 0 0 0 0 2 0 0 0 0 0 2 0 0 0 0 0 0 0 0 0 2 0 0 0 0],[1. 1. 1. 1. 1. 1. 1.],[1. 1. 1. 1. 1. 1. 1.]
264,Egreedy,1,264,4.5/4.75,0.007326841354370117,10.565685272216797,None,1,[1 0 0 0 1 0 2 0 0 0 0 0 2 0 0 0 0 0 0 0 0 0 2 0 0 0 0],[1. 1. 1. 1. 1. 1. 1.],[1. 1. 1. 1. 1. 1. 1.]
265,Egreedy,1,265,4.5/4.25,0.017911672592163086,10.58359694480896,None,14,[0 2 0 0 0 0 2 0 0 0 0 2 0 0 0 0 0 0 1 1 1 1 2 0 0 0 0],[1. 1. 1. 1. 1. 1. 1.],[1. 1. 1. 1. 1. 1. 1.]
266,Egreedy,1,266,5.5/3.75,0.014307260513305664,10.597904205322266,None,2,[1 0 0 0 1 0 2 0 0 0 0 2 0 0 0 0 0 0 1 1 1 1 2 0 0 0 0],[1. 1. 1. 1. 1. 1. 1.],[1. 1. 1. 1. 1. 1. 1.]
267,Egreedy,1,267,5.25/3.5,0.006722927093505859,10.604627132415771,None,1,[1 0 0 0 0 0 2 0 0 0 0 2 0 0 0 0 0 0 1 1 1 1 2 0 0 0 0],[1. 1. 1. 1. 1. 1. 1.],[1. 1. 1. 1. 1. 1. 1.]
268,Egreedy,1,268,5.25/3.5,0.013414382934570312,10.618041515350342,None,2,[1 0 0 0 0 0 2 0 0 0 0 2 0 0 0 0 1 0 1 1 1 0 2 0 0 0 0],[1. 1. 1. 1. 1. 1. 1.],[1. 1. 1. 1. 1. 1. 1.]
269,Egreedy,1,269,4.5/3.75,0.01857304573059082,10.636614561080933,None,15,[0 2 0 0 0 0 2 0 0 0 0 2 0 1 1 1 1 0 0 0 0 0 2 0 0 0 0],[1. 1. 1. 1. 1. 1. 1.],[1. 1. 1. 1. 1. 1. 1.]
270,Egreedy,1,270,4.0/3.25,0.014253854751586914,10.65086841583252,None,2,[0 2 0 0 0 0 2 0 0 0 0 2 0 1 1 1 1 0 1 0 0 0 0 1 0 0 0],[1. 1. 1. 1. 1. 1. 1.],[1. 1. 1. 1. 1. 1. 1.]
271,Egreedy,1,271,3.0/4.25,0.021695852279663086,10.672564268112183,None,3,[0 2 0 0 0 0 2 0 0 0 0 0 0 1 1 1 1 0 1 0 0 0 0 1 0 0 0],[1. 1. 1. 1. 1. 1. 1.],[1. 1. 1. 1. 1. 1. 1.]
272,Egreedy,1,272,2.25/3.5,0.013478517532348633,10.686042785644531,None,2,[0 2 0 0 0 0 0 0 0 0 0 0 0 1 1 1 1 0 1 0 0 0 0 1 0 0 1],[1. 1. 1. 1. 1. 1. 1.],[1. 1. 1. 1. 1. 1. 1.]
273,Egreedy,1,273,2.0/3.75,0.021670818328857422,10.707713603973389,None,3,[0 2 0 0 0 0 0 0 0 0 0 0 0 1 1 0 1 0 1 0 0 0 0 1 0 0 1],[1. 1. 1. 1. 1. 1. 1.],[1. 1. 1. 1. 1. 1. 1.]
274,Egreedy,1,274,2.75/4.5,0.013395309448242188,10.72110891342163,None,2,[0 2 0 0 0 0 2 0 0 0 0 0 0 1 1 0 1 0 1 0 0 0 0 0 0 0 1],[1. 1. 1. 1. 1. 1. 1.],[1. 1. 1. 1. 1. 1. 1.]
275,Egreedy,1,275,2.5/4.25,0.006615638732910156,10.727724552154541,None,1,[0 2 0 0 0 0 2 0 0 0 0 0 0 1 1 0 0 0 1 0 0 0 0 0 0 0 1],[1. 1. 1. 1. 1. 1. 1.],[1. 1. 1. 1. 1. 1. 1.]
276,Egreedy,1,276,3.25/3.5,0.025569438934326172,10.753293991088867,None,17,[1 2 0 0 0 0 2 0 0 0 0 2 0 0 0 0 0 0 0 0 0 0 2 0 0 0 0],[1. 1. 1. 1. 1. 1. 1.],[1. 1. 1. 1. 1. 1. 1.]
277,Egreedy,1,277,2.5/4.75,0.013235092163085938,10.766529083251953,None,2,[1 2 0 0 0 0 2 0 0 0 0 0 0 0 1 0 0 0 0 0 0 0 2 0 0 0 0],[1. 1. 1. 1. 1. 1. 1.],[1. 1. 1. 1. 1. 1. 1.]
278,Egreedy,1,278,6.5/4.25,0.03401803970336914,10.800547122955322,None,19,[0 0 0 0 0 0 2 0 0 0 0 2 2 0 0 0 0 2 0 0 0 0 0 1 1 1 1],[1. 1. 1. 1. 1. 1. 1.],[1. 1. 1. 1. 1. 1. 1.]
279,Egreedy,1,279,5.75/3.5,0.007481575012207031,10.80802869796753,None,1,[0 0 0 0 0 0 2 0 0 0 0 2 0 0 1 0 0 2 0 0 0 0 0 1 1 1 1],[1. 1. 1. 1. 1. 1. 1.],[1. 1. 1. 1. 1. 1. 1.]
280,Egreedy,1,280,6.0/3.75,0.050511837005615234,10.858540534973145,None,7,[0 0 0 1 1 0 2 0 0 0 0 2 0 0 1 0 0 2 0 0 0 0 0 0 1 1 1],[1. 1. 1. 1. 1. 1. 1.],[1. 1. 1. 1. 1. 1. 1.]
281,Egreedy,1,281,6.0/3.75,0.013588905334472656,10.872129440307617,None,2,[0 0 0 1 1 1 2 0 0 0 0 2 0 0 1 0 0 2 0 0 0 0 0 0 1 0 1],[1. 1. 1. 1. 1. 1. 1.],[1. 1. 1. 1. 1. 1. 1.]
282,Egreedy,1,282,5.0/2.75,0.006871938705444336,10.879001379013062,None,1,[0 0 0 1 1 1 0 0 0 0 0 2 0 0 1 0 0 2 0 0 0 0 0 0 1 0 1],[1. 1. 1. 1. 1. 1. 1.],[1. 1. 1. 1. 1. 1. 1.]
283,Egreedy,1,283,6.5/4.25,0.02097606658935547,10.899977445602417,None,18,[0 0 1 1 1 1 2 0 0 0 0 2 2 0 0 0 0 2 0 0 0 0 0 0 0 0 0],[1. 1. 1. 1. 1. 1. 1.],[1. 1. 1. 1. 1. 1. 1.]
284,Egreedy,1,284,5.75/3.5,0.007528781890869141,10.907506227493286,None,1,[0 0 1 1 1 1 0 0 1 0 0 2 2 0 0 0 0 2 0 0 0 0 0 0 0 0 0],[1. 1. 1. 1. 1. 1. 1.],[1. 1. 1. 1. 1. 1. 1.]
285,Egreedy,1,285,5.75/3.5,0.01350545883178711,10.921011686325073,None,2,[0 0 1 1 0 1 0 0 1 0 0 2 2 0 0 0 0 2 0 0 0 0 0 0 0 1 0],[1. 1. 1. 1. 1. 1. 1.],[1. 1. 1. 1. 1. 1. 1.]
286,Egreedy,1,286,5.75/3.5,0.020864248275756836,10.94187593460083,None,3,[0 0 1 1 0 1 0 0 0 1 0 2 2 0 0 0 0 2 0 0 0 0 0 0 0 1 0],[1. 1. 1. 1. 1. 1. 1.],[1. 1. 1. 1. 1. 1. 1.]
287,Egreedy,1,287,5.25/3.5,0.03568530082702637,10.977561235427856,None,21,[1 0 0 0 0 0 2 0 0 0 0 2 2 0 0 0 0 2 0 0 0 0 0 0 0 0 0],[1. 1. 1. 1. 1. 1. 1.],[1. 1. 1. 1. 1. 1. 1.]
288,Egreedy,1,288,4.5/4.75,0.01335000991821289,10.99091124534607,None,2,[1 0 0 0 0 0 2 0 0 0 0 0 2 0 0 0 0 2 0 0 0 0 0 0 0 1 0],[1. 1. 1. 1. 1. 1. 1.],[1. 1. 1. 1. 1. 1. 1.]
289,Egreedy,1,289,4.75/3.0,0.049096107482910156,11.04000735282898,None,7,[1 0 1 0 0 0 2 0 0 0 0 2 2 0 0 0 0 0 0 0 0 0 0 0 0 1 0],[1. 1. 1. 1. 1. 1. 1.],[1. 1. 1. 1. 1. 1. 1.]
290,Egreedy,1,290,3.75/2.0,0.006668567657470703,11.04667592048645,None,1,[1 0 1 0 0 0 2 0 0 0 0 2 0 0 0 0 0 0 0 0 0 0 0 0 0 1 0],[1. 1. 1. 1. 1. 1. 1.],[1. 1. 1. 1. 1. 1. 1.]
291,Egreedy,1,291,4.75/3.0,0.06177949905395508,11.108455419540405,None,9,[1 0 0 0 1 1 2 0 0 0 0 2 0 0 0 0 0 0 0 0 1 0 0 0 1 1 1],[1. 1. 1. 1. 1. 1. 1.],[1. 1. 1. 1. 1. 1. 1.]
292,Egreedy,1,292,4.75/3.0,0.013661623001098633,11.122117042541504,None,2,[1 0 0 0 0 1 2 0 0 0 0 2 0 0 0 0 0 0 0 1 1 0 0 0 1 1 1],[1. 1. 1. 1. 1. 1. 1.],[1. 1. 1. 1. 1. 1. 1.]
293,Egreedy,1,293,4.25/4.5,0.020646333694458008,11.142763376235962,None,3,[1 0 1 0 0 1 2 0 0 0 0 0 0 0 0 0 0 0 0 1 1 1 0 0 1 1 1],[1. 1. 1. 1. 1. 1. 1.],[1. 1. 1. 1. 1. 1. 1.]
294,Egreedy,1,294,4.75/5.0,0.028287887573242188,11.171051263809204,None,4,[1 0 1 0 0 1 2 0 0 0 0 0 0 0 0 0 1 2 0 0 0 0 0 0 1 1 1],[1. 1. 1. 1. 1. 1. 1.],[1. 1. 1. 1. 1. 1. 1.]
295,Egreedy,1,295,5.0/5.25,0.10233616828918457,11.273387432098389,None,14,[1 0 1 0 0 1 2 0 0 0 0 0 2 0 0 0 0 2 0 0 0 0 0 0 1 0 0],[1. 1. 1. 1. 1. 1. 1.],[1. 1. 1. 1. 1. 1. 1.]
296,Egreedy,1,296,4.0/4.25,0.006735801696777344,11.280123233795166,None,1,[1 0 1 0 0 1 0 0 0 0 0 0 2 0 0 0 0 2 0 0 0 0 0 0 1 0 0],[1. 1. 1. 1. 1. 1. 1.],[1. 1. 1. 1. 1. 1. 1.]
297,Egreedy,1,297,3.5/4.25,0.013591766357421875,11.293715000152588,None,2,[1 0 1 0 0 1 0 0 0 0 1 0 2 0 0 0 0 2 0 0 0 0 0 0 0 0 0],[1. 1. 1. 1. 1. 1. 1.],[1. 1. 1. 1. 1. 1. 1.]
298,Egreedy,1,298,6.5/6.25,0.022617340087890625,11.316332340240479,None,20,[0 0 1 1 1 1 2 0 0 0 0 0 2 0 0 0 0 2 0 0 0 0 2 0 0 0 0],[1. 1. 1. 1. 1. 1. 1.],[1. 1. 1. 1. 1. 1. 1.]
299,Egreedy,1,299,5.5/5.25,0.006766319274902344,11.32309865951538,None,1,[0 0 1 1 1 1 0 0 0 0 0 0 2 0 0 0 0 2 0 0 0 0 2 0 0 0 0],[1. 1. 1. 1. 1. 1. 1.],[1. 1. 1. 1. 1. 1. 1.]
300,Egreedy,1,300,5.25/5.0,0.014101266860961914,11.337199926376343,None,2,[0 0 1 1 0 1 0 0 0 0 0 0 2 0 0 0 0 2 0 0 0 0 2 0 0 0 0],[1. 1. 1. 1. 1. 1. 1.],[1. 1. 1. 1. 1. 1. 1.]
301,Egreedy,1,301,5.0/4.75,0.006749153137207031,11.34394907951355,None,1,[0 0 0 1 0 1 0 0 0 0 0 0 2 0 0 0 0 2 0 0 0 0 2 0 0 0 0],[1. 1. 1. 1. 1. 1. 1.],[1. 1. 1. 1. 1. 1. 1.]
302,Egreedy,1,302,4.0/4.25,0.014163017272949219,11.358112096786499,None,2,[1 0 0 1 0 1 0 0 0 0 0 0 2 0 0 0 0 0 1 0 0 0 2 0 0 0 0],[1. 1. 1. 1. 1. 1. 1.],[1. 1. 1. 1. 1. 1. 1.]
303,Egreedy,1,303,2.5/4.75,0.01461935043334961,11.372731447219849,None,2,[1 2 0 0 0 0 0 0 0 0 0 0 2 0 0 0 0 0 1 0 0 0 2 0 0 0 0],[1. 1. 1. 1. 1. 1. 1.],[1. 1. 1. 1. 1. 1. 1.]
304,Egreedy,1,304,5.25/5.5,0.029939889907836914,11.402671337127686,None,22,[1 0 0 0 0 0 2 0 0 0 0 0 2 0 0 0 0 2 0 0 0 0 2 0 0 0 0],[1. 1. 1. 1. 1. 1. 1.],[1. 1. 1. 1. 1. 1. 1.]
305,Egreedy,1,305,4.5/4.75,0.007514238357543945,11.41018557548523,None,1,[1 0 0 0 0 0 0 0 1 0 0 0 2 0 0 0 0 2 0 0 0 0 2 0 0 0 0],[1. 1. 1. 1. 1. 1. 1.],[1. 1. 1. 1. 1. 1. 1.]
306,Egreedy,1,306,3.75/4.0,0.007502317428588867,11.417687892913818,None,1,[1 0 0 0 0 0 0 0 1 0 0 0 2 0 0 0 0 0 0 1 0 0 2 0 0 0 0],[1. 1. 1. 1. 1. 1. 1.],[1. 1. 1. 1. 1. 1. 1.]
307,Egreedy,1,307,4.25/4.5,0.0496973991394043,11.467385292053223,None,7,[1 0 1 1 0 0 0 0 1 0 0 0 2 0 0 0 0 0 0 0 0 1 2 0 0 0 0],[1. 1. 1. 1. 1. 1. 1.],[1. 1. 1. 1. 1. 1. 1.]
308,Egreedy,1,308,4.5/4.25,0.0068247318267822266,11.474210023880005,None,1,[0 0 1 1 0 0 0 0 1 0 0 0 2 0 0 0 0 0 0 0 0 1 2 0 0 0 0],[1. 1. 1. 1. 1. 1. 1.],[1. 1. 1. 1. 1. 1. 1.]
309,Egreedy,1,309,4.25/4.0,0.006747245788574219,11.480957269668579,None,1,[0 0 0 1 0 0 0 0 1 0 0 0 2 0 0 0 0 0 0 0 0 1 2 0 0 0 0],[1. 1. 1. 1. 1. 1. 1.],[1. 1. 1. 1. 1. 1. 1.]
310,Egreedy,1,310,4.0/3.75,0.0066585540771484375,11.487615823745728,None,1,[0 0 0 1 0 0 0 0 1 0 0 0 2 0 0 0 0 0 0 0 0 0 2 0 0 0 0],[1. 1. 1. 1. 1. 1. 1.],[1. 1. 1. 1. 1. 1. 1.]
311,Egreedy,1,311,4.0/3.75,0.055544137954711914,11.54315996170044,None,8,[0 0 0 1 0 0 0 0 0 1 0 0 2 0 0 0 0 0 0 0 0 0 2 0 0 0 0],[1. 1. 1. 1. 1. 1. 1.],[1. 1. 1. 1. 1. 1. 1.]
312,Egreedy,1,312,3.75/3.5,0.013956785202026367,11.557116746902466,None,2,[0 0 0 0 0 0 0 0 0 1 0 0 2 0 0 0 0 0 0 0 0 0 2 0 0 0 0],[1. 1. 1. 1. 1. 1. 1.],[1. 1. 1. 1. 1. 1. 1.]
313,Egreedy,1,313,3.25/3.0,0.014014959335327148,11.571131706237793,None,2,[0 0 0 0 0 0 0 0 1 1 0 0 2 0 0 0 0 0 0 0 0 0 0 0 0 0 1],[1. 1. 1. 1. 1. 1. 1.],[1. 1. 1. 1. 1. 1. 1.]
314,Egreedy,1,314,3.5/1.75,0.03506302833557129,11.606194734573364,None,5,[1 0 0 0 1 0 0 0 1 1 0 2 0 0 0 0 0 0 0 0 0 1 0 0 0 0 1],[1. 1. 1. 1. 1. 1. 1.],[1. 1. 1. 1. 1. 1. 1.]
315,Egreedy,1,315,2.5/2.25,0.014359235763549805,11.620553970336914,None,2,[1 2 0 0 0 0 0 0 1 1 0 2 0 0 0 1 0 0 0 0 0 1 0 0 0 0 1],[1. 1. 1. 1. 1. 1. 1.],[1. 1. 1. 1. 1. 1. 1.]
316,Egreedy,1,316,6.5/3.75,0.024469614028930664,11.645023584365845,None,22,[0 0 0 0 0 0 2 0 0 0 0 2 0 1 1 1 1 2 0 0 0 0 2 0 0 0 0],[1. 1. 1. 1. 1. 1. 1.],[1. 1. 1. 1. 1. 1. 1.]
317,Egreedy,1,317,6.5/3.75,0.013616800308227539,11.658640384674072,None,2,[0 0 0 1 0 0 2 0 0 0 0 2 0 1 1 1 0 2 0 0 0 0 2 0 0 0 0],[1. 1. 1. 1. 1. 1. 1.],[1. 1. 1. 1. 1. 1. 1.]
318,Egreedy,1,318,5.75/3.0,0.007513761520385742,11.666154146194458,None,1,[0 0 0 1 0 0 2 0 0 0 0 2 0 1 1 1 0 2 0 0 0 0 0 0 0 0 1],[1. 1. 1. 1. 1. 1. 1.],[1. 1. 1. 1. 1. 1. 1.]
319,Egreedy,1,319,5.0/2.25,0.021176576614379883,11.687330722808838,None,3,[0 0 0 1 0 1 2 0 0 0 0 2 0 1 1 1 0 0 0 0 0 0 0 0 0 0 1],[1. 1. 1. 1. 1. 1. 1.],[1. 1. 1. 1. 1. 1. 1.]
320,Egreedy,1,320,4.75/2.5,0.006825447082519531,11.694156169891357,None,1,[0 0 0 1 0 1 2 0 0 0 0 2 0 1 1 0 0 0 0 0 0 0 0 0 0 0 1],[1. 1. 1. 1. 1. 1. 1.],[1. 1. 1. 1. 1. 1. 1.]
321,Egreedy,1,321,6.0/3.75,0.042423248291015625,11.736579418182373,None,6,[0 0 1 1 0 1 2 0 0 0 0 2 0 1 1 0 0 2 0 0 0 0 0 0 1 0 0],[1. 1. 1. 1. 1. 1. 1.],[1. 1. 1. 1. 1. 1. 1.]
322,Egreedy,1,322,5.75/3.5,0.006838798522949219,11.743418216705322,None,1,[0 0 1 1 0 1 2 0 0 0 0 2 0 0 1 0 0 2 0 0 0 0 0 0 1 0 0],[1. 1. 1. 1. 1. 1. 1.],[1. 1. 1. 1. 1. 1. 1.]
323,Egreedy,1,323,6.5/4.25,0.0541377067565918,11.797555923461914,None,27,[0 0 1 1 1 1 2 0 0 0 0 2 0 0 0 0 0 2 0 0 0 0 2 0 0 0 0],[1. 1. 1. 1. 1. 1. 1.],[1. 1. 1. 1. 1. 1. 1.]
324,Egreedy,1,324,5.25/3.5,0.025838613510131836,11.823394536972046,None,24,[1 0 0 0 0 0 2 0 0 0 0 2 0 0 0 0 0 2 0 0 0 0 2 0 0 0 0],[1. 1. 1. 1. 1. 1. 1.],[1. 1. 1. 1. 1. 1. 1.]
325,Egreedy,1,325,4.5/2.75,0.0072650909423828125,11.830659627914429,None,1,[1 0 0 0 0 0 2 0 0 0 0 2 0 0 0 0 0 2 0 0 0 0 0 1 0 0 0],[1. 1. 1. 1. 1. 1. 1.],[1. 1. 1. 1. 1. 1. 1.]
326,Egreedy,1,326,4.75/3.0,0.014191627502441406,11.84485125541687,None,2,[1 0 0 0 0 0 2 0 0 0 0 2 2 0 0 0 0 0 0 0 1 0 0 1 0 0 0],[1. 1. 1. 1. 1. 1. 1.],[1. 1. 1. 1. 1. 1. 1.]
327,Egreedy,1,327,6.5/4.25,0.09222030639648438,11.937071561813354,None,34,[0 0 0 0 0 0 2 0 0 0 0 2 2 0 0 0 0 0 1 1 1 1 2 0 0 0 0],[1. 1. 1. 1. 1. 1. 1.],[1. 1. 1. 1. 1. 1. 1.]
328,Egreedy,1,328,5.75/3.0,0.0075991153717041016,11.944670677185059,None,1,[0 0 0 0 0 0 2 0 0 0 0 2 0 0 0 1 0 0 1 1 1 1 2 0 0 0 0],[1. 1. 1. 1. 1. 1. 1.],[1. 1. 1. 1. 1. 1. 1.]
329,Egreedy,1,329,4.75/4.0,0.006933450698852539,11.951604127883911,None,1,[0 0 0 0 0 0 2 0 0 0 0 0 0 0 0 1 0 0 1 1 1 1 2 0 0 0 0],[1. 1. 1. 1. 1. 1. 1.],[1. 1. 1. 1. 1. 1. 1.]
330,Egreedy,1,330,6.25/4.5,0.043183326721191406,11.994787454605103,None,6,[1 0 1 0 0 0 2 0 0 0 0 2 2 0 0 0 0 0 0 1 1 1 2 0 0 0 0],[1. 1. 1. 1. 1. 1. 1.],[1. 1. 1. 1. 1. 1. 1.]
331,Egreedy,1,331,5.5/3.75,0.007679939270019531,12.002467393875122,None,1,[1 0 1 0 0 0 0 1 0 0 0 2 2 0 0 0 0 0 0 1 1 1 2 0 0 0 0],[1. 1. 1. 1. 1. 1. 1.],[1. 1. 1. 1. 1. 1. 1.]
332,Egreedy,1,332,5.25/3.5,0.0069065093994140625,12.009373903274536,None,1,[1 0 0 0 0 0 0 1 0 0 0 2 2 0 0 0 0 0 0 1 1 1 2 0 0 0 0],[1. 1. 1. 1. 1. 1. 1.],[1. 1. 1. 1. 1. 1. 1.]
333,Egreedy,1,333,6.5/4.25,0.050505876541137695,12.059879779815674,None,29,[0 0 1 1 1 1 2 0 0 0 0 2 2 0 0 0 0 0 0 0 0 0 2 0 0 0 0],[1. 1. 1. 1. 1. 1. 1.],[1. 1. 1. 1. 1. 1. 1.]
334,Egreedy,1,334,5.75/3.5,0.007596015930175781,12.06747579574585,None,1,[0 0 1 1 1 1 2 0 0 0 0 2 0 0 1 0 0 0 0 0 0 0 2 0 0 0 0],[1. 1. 1. 1. 1. 1. 1.],[1. 1. 1. 1. 1. 1. 1.]
335,Egreedy,1,335,5.5/3.25,0.006943464279174805,12.074419260025024,None,1,[0 0 0 1 1 1 2 0 0 0 0 2 0 0 1 0 0 0 0 0 0 0 2 0 0 0 0],[1. 1. 1. 1. 1. 1. 1.],[1. 1. 1. 1. 1. 1. 1.]
336,Egreedy,1,336,4.75/4.5,0.021083354949951172,12.095502614974976,None,3,[0 0 0 1 1 1 2 0 0 0 0 0 0 0 1 0 0 0 0 1 0 0 2 0 0 0 0],[1. 1. 1. 1. 1. 1. 1.],[1. 1. 1. 1. 1. 1. 1.]
337,Egreedy,1,337,4.5/4.25,0.00687098503112793,12.102373600006104,None,1,[0 0 0 1 1 1 2 0 0 0 0 0 0 0 0 0 0 0 0 1 0 0 2 0 0 0 0],[1. 1. 1. 1. 1. 1. 1.],[1. 1. 1. 1. 1. 1. 1.]
338,Egreedy,1,338,4.75/4.5,0.020771503448486328,12.12314510345459,None,3,[0 0 0 0 1 1 2 0 0 0 0 0 0 0 0 0 0 0 1 1 1 0 2 0 0 0 0],[1. 1. 1. 1. 1. 1. 1.],[1. 1. 1. 1. 1. 1. 1.]
339,Egreedy,1,339,3.75/3.5,0.006903886795043945,12.130048990249634,None,1,[0 0 0 0 1 1 2 0 0 0 0 0 0 0 0 0 0 0 1 1 1 0 0 0 0 0 0],[1. 1. 1. 1. 1. 1. 1.],[1. 1. 1. 1. 1. 1. 1.]
340,Egreedy,1,340,4.5/4.25,0.028702259063720703,12.158751249313354,None,4,[0 0 0 0 1 1 2 0 0 0 0 0 0 0 0 0 0 0 1 1 0 0 2 0 0 0 0],[1. 1. 1. 1. 1. 1. 1.],[1. 1. 1. 1. 1. 1. 1.]
341,Egreedy,1,341,5.25/3.5,0.07202577590942383,12.230777025222778,None,33,[1 0 0 0 0 0 2 0 0 0 0 2 2 0 0 0 0 0 0 0 0 0 2 0 0 0 0],[1. 1. 1. 1. 1. 1. 1.],[1. 1. 1. 1. 1. 1. 1.]
342,Egreedy,1,342,4.5/2.25,0.007386445999145508,12.238163471221924,None,1,[1 0 0 0 0 0 2 0 0 0 0 2 0 0 0 1 0 0 0 0 0 0 2 0 0 0 0],[1. 1. 1. 1. 1. 1. 1.],[1. 1. 1. 1. 1. 1. 1.]
343,Egreedy,1,343,4.5/2.75,0.040459632873535156,12.278623104095459,None,6,[1 0 0 0 0 0 2 0 0 0 0 2 0 1 0 0 0 0 0 0 0 0 2 0 0 0 0],[1. 1. 1. 1. 1. 1. 1.],[1. 1. 1. 1. 1. 1. 1.]
344,Egreedy,1,344,3.25/2.0,0.007512092590332031,12.286135196685791,None,1,[1 0 0 0 0 0 0 0 0 0 1 2 0 1 0 0 0 0 0 0 0 0 2 0 0 0 0],[1. 1. 1. 1. 1. 1. 1.],[1. 1. 1. 1. 1. 1. 1.]
345,Egreedy,1,345,2.25/3.0,0.006846904754638672,12.29298210144043,None,1,[1 0 0 0 0 0 0 0 0 0 1 0 0 1 0 0 0 0 0 0 0 0 2 0 0 0 0],[1. 1. 1. 1. 1. 1. 1.],[1. 1. 1. 1. 1. 1. 1.]
346,Egreedy,1,346,4.5/4.25,0.04339337348937988,12.33637547492981,None,30,[0 2 0 0 0 0 0 0 0 0 0 2 2 0 0 0 0 2 0 0 0 0 0 1 1 1 1],[1. 1. 1. 1. 1. 1. 1.],[1. 1. 1. 1. 1. 1. 1.]
347,Egreedy,1,347,4.0/4.25,0.030629873275756836,12.367005348205566,None,29,[0 2 0 0 0 0 0 1 1 1 1 2 2 0 0 0 0 2 0 0 0 0 0 0 0 0 0],[1. 1. 1. 1. 1. 1. 1.],[1. 1. 1. 1. 1. 1. 1.]
348,Egreedy,1,348,5.0/3.25,0.0069561004638671875,12.373961448669434,None,1,[0 0 0 0 0 0 0 1 1 1 1 2 2 0 0 0 0 2 0 0 0 0 0 0 0 0 0],[1. 1. 1. 1. 1. 1. 1.],[1. 1. 1. 1. 1. 1. 1.]
349,Egreedy,1,349,4.75/3.0,0.006895780563354492,12.380857229232788,None,1,[0 0 0 0 0 0 0 1 0 1 1 2 2 0 0 0 0 2 0 0 0 0 0 0 0 0 0],[1. 1. 1. 1. 1. 1. 1.],[1. 1. 1. 1. 1. 1. 1.]
350,Egreedy,1,350,4.25/2.5,0.014585018157958984,12.395442247390747,None,2,[0 0 0 0 0 0 0 1 0 1 1 2 0 0 0 0 1 2 0 0 0 0 0 0 1 0 0],[1. 1. 1. 1. 1. 1. 1.],[1. 1. 1. 1. 1. 1. 1.]
351,Egreedy,1,351,3.25/3.5,0.05210614204406738,12.447548389434814,None,33,[1 2 0 0 0 0 0 0 0 0 0 2 2 0 0 0 0 2 0 0 0 0 0 0 0 0 0],[1. 1. 1. 1. 1. 1. 1.],[1. 1. 1. 1. 1. 1. 1.]
352,Egreedy,1,352,4.5/2.75,0.00744175910949707,12.454990148544312,None,1,[1 0 0 1 0 0 0 0 0 0 0 2 2 0 0 0 0 2 0 0 0 0 0 0 0 0 0],[1. 1. 1. 1. 1. 1. 1.],[1. 1. 1. 1. 1. 1. 1.]
353,Egreedy,1,353,4.5/2.75,0.02097010612487793,12.47596025466919,None,3,[0 0 0 1 0 0 0 0 0 0 1 2 2 0 0 0 0 2 0 0 0 0 0 0 0 0 0],[1. 1. 1. 1. 1. 1. 1.],[1. 1. 1. 1. 1. 1. 1.]
354,Egreedy,1,354,3.75/2.0,0.0074291229248046875,12.483389377593994,None,1,[0 0 0 1 0 0 0 0 0 0 1 2 2 0 0 0 0 0 0 0 0 1 0 0 0 0 0],[1. 1. 1. 1. 1. 1. 1.],[1. 1. 1. 1. 1. 1. 1.]
355,Egreedy,1,355,4.25/2.5,0.05676436424255371,12.540153741836548,None,8,[0 0 1 1 0 1 0 1 0 0 1 2 0 0 0 0 0 0 0 1 1 1 0 0 1 0 0],[1. 1. 1. 1. 1. 1. 1.],[1. 1. 1. 1. 1. 1. 1.]
356,Egreedy,1,356,5.25/3.5,0.015257120132446289,12.555410861968994,None,2,[0 0 1 1 0 1 0 1 0 1 1 2 0 0 0 0 0 0 0 1 1 1 2 0 0 0 0],[1. 1. 1. 1. 1. 1. 1.],[1. 1. 1. 1. 1. 1. 1.]
357,Egreedy,1,357,3.25/5.5,0.049498558044433594,12.604909420013428,None,34,[1 2 0 0 0 0 0 0 0 0 0 0 2 0 0 0 0 2 0 0 0 0 2 0 0 0 0],[1. 1. 1. 1. 1. 1. 1.],[1. 1. 1. 1. 1. 1. 1.]
358,Egreedy,1,358,4.5/3.75,0.035372018814086914,12.640281438827515,None,33,[0 2 0 0 0 0 0 0 0 0 0 2 0 1 1 1 1 2 0 0 0 0 2 0 0 0 0],[1. 1. 1. 1. 1. 1. 1.],[1. 1. 1. 1. 1. 1. 1.]
359,Egreedy,1,359,3.75/3.5,0.030731201171875,12.67101263999939,None,4,[0 2 0 0 0 0 0 1 0 0 1 2 0 1 1 1 1 0 0 0 1 0 2 0 0 0 0],[1. 1. 1. 1. 1. 1. 1.],[1. 1. 1. 1. 1. 1. 1.]
360,Egreedy,1,360,4.0/3.75,0.038852691650390625,12.70986533164978,None,5,[0 2 0 0 0 0 0 1 1 1 1 2 0 1 1 1 1 0 0 0 0 0 2 0 0 0 0],[1. 1. 1. 1. 1. 1. 1.],[1. 1. 1. 1. 1. 1. 1.]
361,Egreedy,1,361,4.5/3.75,0.014831066131591797,12.724696397781372,None,2,[0 2 0 0 0 0 0 1 1 1 0 2 0 1 1 1 1 0 0 0 1 0 2 0 0 0 0],[1. 1. 1. 1. 1. 1. 1.],[1. 1. 1. 1. 1. 1. 1.]
362,Egreedy,1,362,4.25/3.5,0.007207155227661133,12.731903553009033,None,1,[0 2 0 0 0 0 0 1 0 1 0 2 0 1 1 1 1 0 0 0 1 0 2 0 0 0 0],[1. 1. 1. 1. 1. 1. 1.],[1. 1. 1. 1. 1. 1. 1.]
363,Egreedy,1,363,4.0/4.25,0.044389963150024414,12.776293516159058,None,35,[0 2 0 0 0 0 0 1 1 1 1 2 0 0 0 0 0 2 0 0 0 0 2 0 0 0 0],[1. 1. 1. 1. 1. 1. 1.],[1. 1. 1. 1. 1. 1. 1.]
364,Egreedy,1,364,3.5/3.75,0.023134946823120117,12.799428462982178,None,3,[0 2 0 0 0 0 0 1 1 1 1 2 2 0 0 0 0 0 1 0 0 0 0 0 1 0 0],[1. 1. 1. 1. 1. 1. 1.],[1. 1. 1. 1. 1. 1. 1.]
365,Egreedy,1,365,3.75/3.5,0.007448911666870117,12.806877374649048,None,1,[0 2 0 0 0 0 0 1 1 1 0 2 2 0 0 0 0 0 1 0 0 0 0 0 1 0 0],[1. 1. 1. 1. 1. 1. 1.],[1. 1. 1. 1. 1. 1. 1.]
366,Egreedy,1,366,3.5/3.75,0.028882741928100586,12.835760116577148,None,4,[1 2 0 0 0 0 0 1 1 1 0 2 0 0 0 0 0 0 1 1 0 0 2 0 0 0 0],[1. 1. 1. 1. 1. 1. 1.],[1. 1. 1. 1. 1. 1. 1.]
367,Egreedy,1,367,3.25/3.5,0.007019996643066406,12.842780113220215,None,1,[1 2 0 0 0 0 0 1 0 1 0 2 0 0 0 0 0 0 1 1 0 0 2 0 0 0 0],[1. 1. 1. 1. 1. 1. 1.],[1. 1. 1. 1. 1. 1. 1.]
368,Egreedy,1,368,3.5/3.75,0.05069375038146973,12.893473863601685,None,7,[1 2 0 0 0 0 0 1 1 1 0 2 0 0 0 0 0 0 0 1 0 1 2 0 0 0 0],[1. 1. 1. 1. 1. 1. 1.],[1. 1. 1. 1. 1. 1. 1.]
369,Egreedy,1,369,4.5/2.75,0.014777898788452148,12.908251762390137,None,2,[1 0 0 0 0 0 0 1 1 1 0 2 0 0 0 0 0 0 0 1 0 1 2 0 0 0 0],[1. 1. 1. 1. 1. 1. 1.],[1. 1. 1. 1. 1. 1. 1.]
370,Egreedy,1,370,3.5/3.75,0.007318258285522461,12.91557002067566,None,1,[1 0 0 0 0 0 0 1 1 1 0 0 0 0 0 0 0 0 0 1 0 1 2 0 0 0 0],[1. 1. 1. 1. 1. 1. 1.],[1. 1. 1. 1. 1. 1. 1.]
371,Egreedy,1,371,3.5/3.75,0.02941417694091797,12.944984197616577,None,4,[1 0 0 0 0 0 0 1 0 1 0 0 0 0 0 0 0 0 0 1 1 1 2 0 0 0 0],[1. 1. 1. 1. 1. 1. 1.],[1. 1. 1. 1. 1. 1. 1.]
372,Egreedy,1,372,3.25/3.5,0.07090497016906738,13.015889167785645,None,40,[1 2 0 0 0 0 0 0 0 0 0 2 0 0 0 0 0 2 0 0 0 0 2 0 0 0 0],[1. 1. 1. 1. 1. 1. 1.],[1. 1. 1. 1. 1. 1. 1.]
373,Egreedy,1,373,2.25/4.5,0.0069446563720703125,13.022833824157715,None,1,[1 2 0 0 0 0 0 0 0 0 0 0 0 0 0 0 0 2 0 0 0 0 2 0 0 0 0],[1. 1. 1. 1. 1. 1. 1.],[1. 1. 1. 1. 1. 1. 1.]
374,Egreedy,1,374,2.75/4.0,0.00739288330078125,13.030226707458496,None,1,[0 2 0 0 0 0 0 0 0 0 0 0 0 0 0 1 0 2 0 0 0 0 2 0 0 0 0],[1. 1. 1. 1. 1. 1. 1.],[1. 1. 1. 1. 1. 1. 1.]
375,Egreedy,1,375,1.75/3.0,0.0068318843841552734,13.037058591842651,None,1,[0 2 0 0 0 0 0 0 0 0 0 0 0 0 0 1 0 0 0 0 0 0 2 0 0 0 0],[1. 1. 1. 1. 1. 1. 1.],[1. 1. 1. 1. 1. 1. 1.]
376,Egreedy,1,376,4.75/2.0,0.0986475944519043,13.135706186294556,None,14,[0 0 0 0 0 0 0 0 1 1 0 2 0 1 0 1 0 0 0 1 0 0 2 0 0 0 0],[1. 1. 1. 1. 1. 1. 1.],[1. 1. 1. 1. 1. 1. 1.]
377,Egreedy,1,377,5.0/2.75,0.042780160903930664,13.178486347198486,None,6,[1 0 0 0 0 0 0 0 1 0 0 2 0 1 1 1 0 0 1 1 1 0 2 0 0 0 0],[1. 1. 1. 1. 1. 1. 1.],[1. 1. 1. 1. 1. 1. 1.]
378,Egreedy,1,378,4.75/2.5,0.0070455074310302734,13.185531854629517,None,1,[1 0 0 0 0 0 0 0 1 0 0 2 0 1 1 1 0 0 0 1 1 0 2 0 0 0 0],[1. 1. 1. 1. 1. 1. 1.],[1. 1. 1. 1. 1. 1. 1.]
379,Egreedy,1,379,4.5/4.25,0.0375521183013916,13.223083972930908,None,36,[0 2 0 0 0 0 0 0 0 0 0 2 2 0 0 0 0 0 1 1 1 1 2 0 0 0 0],[1. 1. 1. 1. 1. 1. 1.],[1. 1. 1. 1. 1. 1. 1.]
380,Egreedy,1,380,3.75/3.5,0.007906436920166016,13.230990409851074,None,1,[0 2 0 0 0 0 0 0 0 0 0 2 2 0 0 0 0 0 1 1 1 1 0 1 0 0 0],[1. 1. 1. 1. 1. 1. 1.],[1. 1. 1. 1. 1. 1. 1.]
381,Egreedy,1,381,4.75/2.5,0.007234096527099609,13.238224506378174,None,1,[0 0 0 0 0 0 0 0 0 0 0 2 2 0 0 0 0 0 1 1 1 1 0 1 0 0 0],[1. 1. 1. 1. 1. 1. 1.],[1. 1. 1. 1. 1. 1. 1.]
382,Egreedy,1,382,3.75/3.5,0.014722824096679688,13.252947330474854,None,2,[0 0 0 0 0 0 0 0 0 0 0 0 2 0 0 0 0 0 1 1 1 1 0 1 0 0 0],[1. 1. 1. 1. 1. 1. 1.],[1. 1. 1. 1. 1. 1. 1.]
383,Egreedy,1,383,3.75/3.5,0.01391911506652832,13.266866445541382,None,2,[0 0 0 0 0 0 0 0 0 0 0 0 2 0 0 0 0 0 1 1 1 1 0 0 1 0 0],[1. 1. 1. 1. 1. 1. 1.],[1. 1. 1. 1. 1. 1. 1.]
384,Egreedy,1,384,4.25/4.0,0.03524422645568848,13.30211067199707,None,5,[0 0 0 1 0 1 0 0 0 0 0 0 2 0 0 0 0 2 0 0 0 0 0 0 1 0 0],[1. 1. 1. 1. 1. 1. 1.],[1. 1. 1. 1. 1. 1. 1.]
385,Egreedy,1,385,3.25/3.0,0.006960153579711914,13.309070825576782,None,1,[0 0 0 1 0 1 0 0 0 0 0 0 0 0 0 0 0 2 0 0 0 0 0 0 1 0 0],[1. 1. 1. 1. 1. 1. 1.],[1. 1. 1. 1. 1. 1. 1.]
386,Egreedy,1,386,2.75/4.5,0.04293322563171387,13.352004051208496,None,6,[0 2 0 0 0 0 0 1 0 1 0 0 0 0 0 0 0 2 0 0 0 0 0 1 1 0 1],[1. 1. 1. 1. 1. 1. 1.],[1. 1. 1. 1. 1. 1. 1.]
387,Egreedy,1,387,3.25/3.5,0.04643130302429199,13.398435354232788,None,39,[1 2 0 0 0 0 0 0 0 0 0 2 2 0 0 0 0 0 0 0 0 0 2 0 0 0 0],[1. 1. 1. 1. 1. 1. 1.],[1. 1. 1. 1. 1. 1. 1.]
388,Egreedy,1,388,4.25/2.5,0.006997823715209961,13.405433177947998,None,1,[1 0 0 0 0 0 0 0 0 0 0 2 2 0 0 0 0 0 0 0 0 0 2 0 0 0 0],[1. 1. 1. 1. 1. 1. 1.],[1. 1. 1. 1. 1. 1. 1.]
389,Egreedy,1,389,5.5/4.75,5.5567803382873535,18.96221351623535,None,6003,[0 0 0 0 0 0 2 0 0 0 0 0 0 1 1 1 1 0 1 1 1 1 0 1 1 1 1],[1. 1. 1. 1. 1. 1. 1.],[1. 1. 1. 1. 1. 1. 1.]
390,Egreedy,1,390,5.5/4.75,0.00789332389831543,18.970106840133667,None,1,[0 0 0 0 0 0 2 0 0 0 0 0 0 1 1 1 1 2 0 0 0 0 0 1 1 1 1],[1. 1. 1. 1. 1. 1. 1.],[1. 1. 1. 1. 1. 1. 1.]
391,Egreedy,1,391,5.25/4.5,0.0071446895599365234,18.977251529693604,None,1,[0 0 0 0 0 0 2 0 0 0 0 0 0 1 1 1 1 2 0 0 0 0 0 1 1 1 0],[1. 1. 1. 1. 1. 1. 1.],[1. 1. 1. 1. 1. 1. 1.]
392,Egreedy,1,392,4.25/4.0,0.013735055923461914,18.990986585617065,None,4,[1 0 0 0 0 0 2 0 0 0 0 0 0 1 1 1 1 0 1 1 1 1 0 0 0 0 0],[1. 1. 1. 1. 1. 1. 1.],[1. 1. 1. 1. 1. 1. 1.]
393,Egreedy,1,393,4.25/4.0,0.0076596736907958984,18.99864625930786,None,1,[1 0 0 0 0 0 2 0 0 0 0 0 0 1 1 1 1 2 0 0 0 0 0 0 0 0 0],[1. 1. 1. 1. 1. 1. 1.],[1. 1. 1. 1. 1. 1. 1.]
394,Egreedy,1,394,4.5/2.25,0.022158384323120117,19.02080464363098,None,3,[1 0 0 0 0 0 2 0 0 0 0 2 0 1 1 1 1 0 0 0 1 0 0 0 0 0 0],[1. 1. 1. 1. 1. 1. 1.],[1. 1. 1. 1. 1. 1. 1.]
395,Egreedy,1,395,4.25/4.5,0.015944480895996094,19.036749124526978,None,6,[1 0 0 0 0 0 2 0 0 0 0 0 0 0 0 0 0 0 1 1 1 1 0 1 1 1 1],[1. 1. 1. 1. 1. 1. 1.],[1. 1. 1. 1. 1. 1. 1.]
396,Egreedy,1,396,4.0/4.25,0.007001161575317383,19.043750286102295,None,1,[1 0 0 0 0 0 2 0 0 0 0 0 0 0 0 0 0 0 1 1 1 1 0 1 1 1 0],[1. 1. 1. 1. 1. 1. 1.],[1. 1. 1. 1. 1. 1. 1.]
397,Egreedy,1,397,2.75/5.0,0.029879331588745117,19.07362961769104,None,4,[1 2 0 0 0 0 2 0 0 0 0 0 0 0 0 0 0 0 1 1 1 1 0 1 0 1 0],[1. 1. 1. 1. 1. 1. 1.],[1. 1. 1. 1. 1. 1. 1.]
398,Egreedy,1,398,3.5/4.75,0.05933856964111328,19.132968187332153,None,8,[0 2 0 0 0 0 2 0 0 0 0 0 0 0 1 1 0 0 1 1 1 1 0 1 0 1 0],[1. 1. 1. 1. 1. 1. 1.],[1. 1. 1. 1. 1. 1. 1.]
399,Egreedy,1,399,5.5/4.75,0.01825737953186035,19.151225566864014,None,8,[0 0 1 1 1 1 2 0 0 0 0 0 0 1 1 1 1 0 0 0 0 0 0 1 1 1 1],[1. 1. 1. 1. 1. 1. 1.],[1. 1. 1. 1. 1. 1. 1.]
400,Egreedy,1,400,5.25/4.5,0.007239580154418945,19.158465147018433,None,1,[0 0 1 0 1 1 2 0 0 0 0 0 0 1 1 1 1 0 0 0 0 0 0 1 1 1 1],[1. 1. 1. 1. 1. 1. 1.],[1. 1. 1. 1. 1. 1. 1.]
401,Egreedy,1,401,5.0/4.25,0.023430585861206055,19.18189573287964,None,3,[0 0 1 0 1 1 2 0 0 0 0 0 0 1 1 1 1 0 0 0 0 0 0 1 0 1 1],[1. 1. 1. 1. 1. 1. 1.],[1. 1. 1. 1. 1. 1. 1.]
402,Egreedy,1,402,4.75/4.0,0.0070612430572509766,19.18895697593689,None,1,[0 0 1 0 1 1 2 0 0 0 0 0 0 1 1 1 0 0 0 0 0 0 0 1 0 1 1],[1. 1. 1. 1. 1. 1. 1.],[1. 1. 1. 1. 1. 1. 1.]
403,Egreedy,1,403,4.75/4.0,0.01496744155883789,19.203924417495728,None,2,[0 0 1 0 1 1 0 0 0 0 0 0 0 1 1 1 0 2 0 0 0 0 0 1 0 1 1],[1. 1. 1. 1. 1. 1. 1.],[1. 1. 1. 1. 1. 1. 1.]
404,Egreedy,1,404,4.25/4.0,0.03307652473449707,19.237000942230225,None,11,[1 0 0 0 0 0 2 0 0 0 0 0 0 1 1 1 1 0 0 0 0 0 0 1 1 1 1],[1. 1. 1. 1. 1. 1. 1.],[1. 1. 1. 1. 1. 1. 1.]
405,Egreedy,1,405,4.0/3.75,0.030900239944458008,19.267901182174683,None,4,[1 0 0 0 0 0 2 0 0 0 0 0 0 1 1 1 0 0 0 0 0 0 0 1 1 1 1],[1. 1. 1. 1. 1. 1. 1.],[1. 1. 1. 1. 1. 1. 1.]
406,Egreedy,1,406,3.75/3.5,0.007064342498779297,19.274965524673462,None,1,[1 0 0 0 0 0 2 0 0 0 0 0 0 1 0 1 0 0 0 0 0 0 0 1 1 1 1],[1. 1. 1. 1. 1. 1. 1.],[1. 1. 1. 1. 1. 1. 1.]
407,Egreedy,1,407,3.5/3.25,0.0069315433502197266,19.28189706802368,None,1,[1 0 0 0 0 0 2 0 0 0 0 0 0 1 0 1 0 0 0 0 0 0 0 1 0 1 1],[1. 1. 1. 1. 1. 1. 1.],[1. 1. 1. 1. 1. 1. 1.]
408,Egreedy,1,408,2.75/4.0,0.02160930633544922,19.30350637435913,None,3,[0 2 0 0 0 0 2 0 0 0 0 0 0 1 0 1 0 0 0 0 0 0 0 1 0 1 1],[1. 1. 1. 1. 1. 1. 1.],[1. 1. 1. 1. 1. 1. 1.]
409,Egreedy,1,409,2.5/3.75,0.006861209869384766,19.310367584228516,None,1,[0 2 0 0 0 0 2 0 0 0 0 0 0 1 0 1 0 0 0 0 0 0 0 0 0 1 1],[1. 1. 1. 1. 1. 1. 1.],[1. 1. 1. 1. 1. 1. 1.]
410,Egreedy,1,410,1.5/2.75,0.006822109222412109,19.317189693450928,None,1,[0 2 0 0 0 0 0 0 0 0 0 0 0 1 0 1 0 0 0 0 0 0 0 0 0 1 1],[1. 1. 1. 1. 1. 1. 1.],[1. 1. 1. 1. 1. 1. 1.]
411,Egreedy,1,411,3.0/3.25,0.02803182601928711,19.345221519470215,None,4,[1 2 0 0 0 0 0 1 0 0 0 2 2 0 0 0 0 0 0 0 0 0 0 0 0 1 1],[1. 1. 1. 1. 1. 1. 1.],[1. 1. 1. 1. 1. 1. 1.]
412,Egreedy,1,412,4.25/3.0,0.043204307556152344,19.388425827026367,None,6,[1 0 0 0 0 0 0 1 0 1 1 2 2 0 0 0 0 0 1 0 0 0 0 0 0 1 1],[1. 1. 1. 1. 1. 1. 1.],[1. 1. 1. 1. 1. 1. 1.]
413,Egreedy,1,413,5.25/5.0,0.10774946212768555,19.496175289154053,None,15,[0 0 0 0 1 0 0 1 1 0 0 0 2 0 0 0 0 2 0 0 0 0 2 0 0 0 0],[1. 1. 1. 1. 1. 1. 1.],[1. 1. 1. 1. 1. 1. 1.]
414,Egreedy,1,414,5.0/4.75,0.006813526153564453,19.502988815307617,None,1,[0 0 0 0 1 0 0 1 0 0 0 0 2 0 0 0 0 2 0 0 0 0 2 0 0 0 0],[1. 1. 1. 1. 1. 1. 1.],[1. 1. 1. 1. 1. 1. 1.]
415,Egreedy,1,415,4.25/4.0,0.04753422737121582,19.550523042678833,None,14,[1 0 1 1 1 1 2 0 0 0 0 0 0 1 1 1 1 0 0 0 0 0 0 0 0 0 0],[1. 1. 1. 1. 1. 1. 1.],[1. 1. 1. 1. 1. 1. 1.]
416,Egreedy,1,416,4.0/3.75,0.00712275505065918,19.557645797729492,None,1,[1 0 1 1 0 1 2 0 0 0 0 0 0 1 1 1 1 0 0 0 0 0 0 0 0 0 0],[1. 1. 1. 1. 1. 1. 1.],[1. 1. 1. 1. 1. 1. 1.]
417,Egreedy,1,417,4.75/2.5,0.014057636260986328,19.57170343399048,None,2,[1 0 1 1 0 1 2 0 0 0 0 2 0 0 1 1 1 0 0 0 0 0 0 0 0 0 0],[1. 1. 1. 1. 1. 1. 1.],[1. 1. 1. 1. 1. 1. 1.]
418,Egreedy,1,418,4.25/4.5,0.02802109718322754,19.599724531173706,None,12,[1 0 1 1 1 1 2 0 0 0 0 0 0 0 0 0 0 0 0 0 0 0 0 1 1 1 1],[1. 1. 1. 1. 1. 1. 1.],[1. 1. 1. 1. 1. 1. 1.]
419,Egreedy,1,419,3.0/4.75,0.06675076484680176,19.666475296020508,None,19,[0 2 0 0 0 0 0 1 1 1 1 0 0 1 1 1 1 0 1 1 1 1 0 0 0 0 0],[1. 1. 1. 1. 1. 1. 1.],[1. 1. 1. 1. 1. 1. 1.]
420,Egreedy,1,420,3.0/4.75,0.014486074447631836,19.68096137046814,None,2,[0 2 0 0 0 0 0 1 1 0 1 0 0 1 1 1 1 0 1 1 1 1 0 0 1 0 0],[1. 1. 1. 1. 1. 1. 1.],[1. 1. 1. 1. 1. 1. 1.]
421,Egreedy,1,421,2.75/4.5,0.007134437561035156,19.688095808029175,None,1,[0 2 0 0 0 0 0 1 1 0 1 0 0 0 1 1 1 0 1 1 1 1 0 0 1 0 0],[1. 1. 1. 1. 1. 1. 1.],[1. 1. 1. 1. 1. 1. 1.]
422,Egreedy,1,422,2.5/4.75,0.02167034149169922,19.709766149520874,None,3,[1 2 0 0 0 0 0 1 1 0 1 0 0 0 0 1 1 0 1 1 1 1 0 0 1 1 0],[1. 1. 1. 1. 1. 1. 1.],[1. 1. 1. 1. 1. 1. 1.]
423,Egreedy,1,423,2.25/4.5,0.0235288143157959,19.73329496383667,None,3,[1 2 0 0 0 0 0 1 1 0 1 0 0 0 0 1 1 0 1 1 1 1 0 0 0 1 0],[1. 1. 1. 1. 1. 1. 1.],[1. 1. 1. 1. 1. 1. 1.]
424,Egreedy,1,424,2.25/4.5,0.014355897903442383,19.747650861740112,None,2,[1 2 0 0 0 0 0 1 1 0 1 0 0 1 0 1 0 0 1 1 1 1 0 0 0 1 0],[1. 1. 1. 1. 1. 1. 1.],[1. 1. 1. 1. 1. 1. 1.]
425,Egreedy,1,425,2.25/4.5,0.022556543350219727,19.770207405090332,None,3,[1 2 0 0 0 0 0 1 1 0 1 0 0 1 1 1 0 0 1 0 1 1 0 0 0 1 0],[1. 1. 1. 1. 1. 1. 1.],[1. 1. 1. 1. 1. 1. 1.]
426,Egreedy,1,426,5.25/4.5,0.07550644874572754,19.84571385383606,None,10,[0 0 1 0 0 0 2 0 0 0 0 0 0 1 1 1 1 0 1 0 0 1 2 0 0 0 0],[1. 1. 1. 1. 1. 1. 1.],[1. 1. 1. 1. 1. 1. 1.]
427,Egreedy,1,427,5.5/4.75,0.045023441314697266,19.890737295150757,None,6,[0 0 0 0 0 1 2 0 0 0 0 0 0 1 1 1 1 0 1 0 1 1 2 0 0 0 0],[1. 1. 1. 1. 1. 1. 1.],[1. 1. 1. 1. 1. 1. 1.]
428,Egreedy,1,428,2.25/4.0,0.09088301658630371,19.98162031173706,None,23,[1 2 0 0 0 0 0 0 0 0 0 0 0 1 1 1 1 0 1 1 1 1 0 0 0 0 0],[1. 1. 1. 1. 1. 1. 1.],[1. 1. 1. 1. 1. 1. 1.]
429,Egreedy,1,429,2.0/3.75,0.0071544647216796875,19.98877477645874,None,1,[1 2 0 0 0 0 0 0 0 0 0 0 0 1 1 1 0 0 1 1 1 1 0 0 0 0 0],[1. 1. 1. 1. 1. 1. 1.],[1. 1. 1. 1. 1. 1. 1.]
430,Egreedy,1,430,3.5/3.25,0.03686165809631348,20.025636434555054,None,5,[1 0 0 0 0 0 0 0 0 0 0 0 0 1 1 1 1 2 0 0 0 0 0 0 1 0 0],[1. 1. 1. 1. 1. 1. 1.],[1. 1. 1. 1. 1. 1. 1.]
431,Egreedy,1,431,3.5/3.25,0.021491289138793945,20.047127723693848,None,3,[1 0 0 0 0 1 0 0 0 0 0 0 0 1 1 1 0 2 0 0 0 0 0 0 1 0 0],[1. 1. 1. 1. 1. 1. 1.],[1. 1. 1. 1. 1. 1. 1.]
432,Egreedy,1,432,4.0/4.25,0.03574061393737793,20.082868337631226,None,5,[1 0 0 0 1 1 0 1 0 0 0 0 0 1 1 0 0 2 0 0 0 0 0 1 1 0 0],[1. 1. 1. 1. 1. 1. 1.],[1. 1. 1. 1. 1. 1. 1.]
433,Egreedy,1,433,3.75/4.0,0.007078886032104492,20.08994722366333,None,1,[1 0 0 0 1 1 0 1 0 0 0 0 0 1 1 0 0 2 0 0 0 0 0 1 0 0 0],[1. 1. 1. 1. 1. 1. 1.],[1. 1. 1. 1. 1. 1. 1.]
434,Egreedy,1,434,3.0/5.25,0.025702238082885742,20.115649461746216,None,15,[0 2 0 0 0 0 0 1 1 1 1 0 0 0 0 0 0 0 1 1 1 1 0 1 1 1 1],[1. 1. 1. 1. 1. 1. 1.],[1. 1. 1. 1. 1. 1. 1.]
435,Egreedy,1,435,3.0/5.25,0.022695302963256836,20.138344764709473,None,3,[0 2 0 0 0 0 0 1 1 1 1 0 0 0 0 0 1 0 1 1 1 0 0 1 1 1 1],[1. 1. 1. 1. 1. 1. 1.],[1. 1. 1. 1. 1. 1. 1.]
436,Egreedy,1,436,2.25/4.5,0.04536557197570801,20.18371033668518,None,6,[0 2 0 0 0 0 0 1 0 1 1 0 0 0 0 0 0 0 1 1 0 0 0 1 1 1 1],[1. 1. 1. 1. 1. 1. 1.],[1. 1. 1. 1. 1. 1. 1.]
437,Egreedy,1,437,3.0/4.75,0.02129054069519043,20.20500087738037,None,3,[0 2 0 0 0 0 0 1 0 1 0 0 0 1 0 0 0 0 1 1 1 0 0 1 1 1 1],[1. 1. 1. 1. 1. 1. 1.],[1. 1. 1. 1. 1. 1. 1.]
438,Egreedy,1,438,2.25/4.5,0.1483447551727295,20.3533456325531,None,32,[1 2 0 0 0 0 0 0 0 0 0 0 0 0 0 0 0 0 1 1 1 1 0 1 1 1 1],[1. 1. 1. 1. 1. 1. 1.],[1. 1. 1. 1. 1. 1. 1.]
439,Egreedy,1,439,1.75/4.5,0.027333736419677734,20.38067936897278,None,17,[1 2 0 0 0 0 0 1 1 1 1 0 0 0 0 0 0 0 1 1 1 1 0 0 0 0 0],[1. 1. 1. 1. 1. 1. 1.],[1. 1. 1. 1. 1. 1. 1.]
440,Egreedy,1,440,1.75/4.5,0.02227306365966797,20.402952432632446,None,3,[1 2 0 0 0 0 0 0 1 1 1 0 0 0 0 0 0 0 1 1 1 1 0 0 1 0 0],[1. 1. 1. 1. 1. 1. 1.],[1. 1. 1. 1. 1. 1. 1.]
441,Egreedy,1,441,1.5/4.25,0.0682370662689209,20.471189498901367,None,1,[1 2 0 0 0 0 0 0 1 1 1 0 0 0 0 0 0 0 1 1 1 0 0 0 1 0 0],[1. 1. 1. 1. 1. 1. 1.],[1. 1. 1. 1. 1. 1. 1.]
442,Egreedy,1,442,1.25/4.0,0.00722956657409668,20.478419065475464,None,1,[1 2 0 0 0 0 0 0 1 1 1 0 0 0 0 0 0 0 1 1 0 0 0 0 1 0 0],[1. 1. 1. 1. 1. 1. 1.],[1. 1. 1. 1. 1. 1. 1.]
443,Egreedy,1,443,3.25/4.0,0.044027090072631836,20.522446155548096,None,6,[1 0 0 0 0 0 0 0 1 1 1 0 0 1 0 0 0 2 0 0 0 0 0 1 1 0 0],[1. 1. 1. 1. 1. 1. 1.],[1. 1. 1. 1. 1. 1. 1.]
444,Egreedy,1,444,3.75/4.5,0.02853107452392578,20.55097723007202,None,4,[1 0 0 0 0 0 0 0 1 1 1 0 0 1 0 0 1 2 0 0 0 0 0 0 1 1 1],[1. 1. 1. 1. 1. 1. 1.],[1. 1. 1. 1. 1. 1. 1.]
445,Egreedy,1,445,4.0/4.25,0.007218122482299805,20.55819535255432,None,1,[0 0 0 0 0 0 0 0 1 1 1 0 0 1 0 0 1 2 0 0 0 0 0 0 1 1 1],[1. 1. 1. 1. 1. 1. 1.],[1. 1. 1. 1. 1. 1. 1.]
446,Egreedy,1,446,3.75/4.0,0.007100820541381836,20.565296173095703,None,1,[0 0 0 0 0 0 0 0 1 1 1 0 0 0 0 0 1 2 0 0 0 0 0 0 1 1 1],[1. 1. 1. 1. 1. 1. 1.],[1. 1. 1. 1. 1. 1. 1.]
447,Egreedy,1,447,1.75/4.0,0.0307462215423584,20.59604239463806,None,20,[1 2 0 0 0 0 0 1 1 1 1 0 0 1 1 1 1 0 0 0 0 0 0 0 0 0 0],[1. 1. 1. 1. 1. 1. 1.],[1. 1. 1. 1. 1. 1. 1.]
448,Egreedy,1,448,1.75/4.5,0.039029598236083984,20.635071992874146,None,22,[1 2 0 0 0 0 0 1 1 1 1 0 0 0 0 0 0 0 0 0 0 0 0 1 1 1 1],[1. 1. 1. 1. 1. 1. 1.],[1. 1. 1. 1. 1. 1. 1.]
449,Egreedy,1,449,3.25/3.5,0.007894754409790039,20.642966747283936,None,1,[1 0 0 0 0 0 2 0 0 0 0 0 0 0 0 0 0 0 0 0 0 0 0 1 1 1 1],[1. 1. 1. 1. 1. 1. 1.],[1. 1. 1. 1. 1. 1. 1.]
450,Egreedy,1,450,3.0/3.25,0.0070667266845703125,20.650033473968506,None,1,[1 0 0 0 0 0 2 0 0 0 0 0 0 0 0 0 0 0 0 0 0 0 0 1 1 1 0],[1. 1. 1. 1. 1. 1. 1.],[1. 1. 1. 1. 1. 1. 1.]
451,Egreedy,1,451,5.0/4.75,0.057323455810546875,20.707356929779053,None,28,[0 0 1 1 1 1 0 1 1 1 1 0 0 1 1 1 1 2 0 0 0 0 0 0 0 0 0],[1. 1. 1. 1. 1. 1. 1.],[1. 1. 1. 1. 1. 1. 1.]
452,Egreedy,1,452,4.75/4.5,0.0073125362396240234,20.714669466018677,None,1,[0 0 1 1 0 1 0 1 1 1 1 0 0 1 1 1 1 2 0 0 0 0 0 0 0 0 0],[1. 1. 1. 1. 1. 1. 1.],[1. 1. 1. 1. 1. 1. 1.]
453,Egreedy,1,453,4.5/4.25,0.007175445556640625,20.721844911575317,None,1,[0 0 1 1 0 0 0 1 1 1 1 0 0 1 1 1 1 2 0 0 0 0 0 0 0 0 0],[1. 1. 1. 1. 1. 1. 1.],[1. 1. 1. 1. 1. 1. 1.]
454,Egreedy,1,454,4.5/2.25,0.008116006851196289,20.729960918426514,None,1,[0 0 1 1 0 0 0 1 1 1 1 2 0 1 1 1 1 0 0 0 0 0 0 0 0 0 0],[1. 1. 1. 1. 1. 1. 1.],[1. 1. 1. 1. 1. 1. 1.]
455,Egreedy,1,455,4.75/2.5,0.03647470474243164,20.766435623168945,None,5,[0 0 1 1 0 0 0 1 1 1 1 2 0 0 1 1 1 0 0 1 0 0 0 0 0 1 0],[1. 1. 1. 1. 1. 1. 1.],[1. 1. 1. 1. 1. 1. 1.]
456,Egreedy,1,456,5.0/2.25,0.007314443588256836,20.773750066757202,None,1,[0 0 1 1 0 0 0 1 1 1 0 2 0 0 1 1 1 0 0 1 0 0 0 0 0 1 0],[1. 1. 1. 1. 1. 1. 1.],[1. 1. 1. 1. 1. 1. 1.]
457,Egreedy,1,457,4.75/2.0,0.0072858333587646484,20.781035900115967,None,1,[0 0 1 1 0 0 0 1 1 1 0 2 0 0 1 1 1 0 0 1 0 0 0 0 0 0 0],[1. 1. 1. 1. 1. 1. 1.],[1. 1. 1. 1. 1. 1. 1.]
458,Egreedy,1,458,5.5/2.75,0.008150339126586914,20.789186239242554,None,1,[0 0 1 1 0 0 0 1 1 1 0 2 0 0 1 1 1 2 0 0 0 0 0 0 0 0 0],[1. 1. 1. 1. 1. 1. 1.],[1. 1. 1. 1. 1. 1. 1.]
459,Egreedy,1,459,4.5/1.75,0.0071218013763427734,20.796308040618896,None,1,[0 0 1 1 0 0 0 1 1 1 0 2 0 0 1 1 1 0 0 0 0 0 0 0 0 0 0],[1. 1. 1. 1. 1. 1. 1.],[1. 1. 1. 1. 1. 1. 1.]
460,Egreedy,1,460,4.5/1.75,0.01424551010131836,20.810553550720215,None,2,[0 0 0 1 0 0 0 1 1 1 0 2 0 0 1 1 1 0 0 0 0 0 0 0 0 0 1],[1. 1. 1. 1. 1. 1. 1.],[1. 1. 1. 1. 1. 1. 1.]
461,Egreedy,1,461,5.0/2.75,0.021433115005493164,20.831986665725708,None,3,[0 0 0 1 0 0 0 1 0 1 1 2 0 0 1 1 1 2 0 0 0 0 0 0 0 0 1],[1. 1. 1. 1. 1. 1. 1.],[1. 1. 1. 1. 1. 1. 1.]
462,Egreedy,1,462,4.75/2.5,0.007116794586181641,20.83910346031189,None,1,[0 0 0 0 0 0 0 1 0 1 1 2 0 0 1 1 1 2 0 0 0 0 0 0 0 0 1],[1. 1. 1. 1. 1. 1. 1.],[1. 1. 1. 1. 1. 1. 1.]
463,Egreedy,1,463,4.25/4.0,0.04526090621948242,20.884364366531372,None,27,[1 0 1 1 1 1 0 0 0 0 0 0 0 1 1 1 1 2 0 0 0 0 0 0 0 0 0],[1. 1. 1. 1. 1. 1. 1.],[1. 1. 1. 1. 1. 1. 1.]
464,Egreedy,1,464,4.0/3.75,0.007347583770751953,20.891711950302124,None,1,[1 0 1 1 0 1 0 0 0 0 0 0 0 1 1 1 1 2 0 0 0 0 0 0 0 0 0],[1. 1. 1. 1. 1. 1. 1.],[1. 1. 1. 1. 1. 1. 1.]
465,Egreedy,1,465,3.75/4.0,0.03852701187133789,20.930238962173462,None,27,[1 0 0 0 0 0 0 1 1 1 1 0 0 1 1 1 1 2 0 0 0 0 0 0 0 0 0],[1. 1. 1. 1. 1. 1. 1.],[1. 1. 1. 1. 1. 1. 1.]
466,Egreedy,1,466,2.75/5.5,0.015097618103027344,20.94533658027649,None,2,[1 2 0 0 0 0 0 1 1 1 1 0 2 0 0 0 0 2 0 0 0 0 0 0 0 0 0],[1. 1. 1. 1. 1. 1. 1.],[1. 1. 1. 1. 1. 1. 1.]
467,Egreedy,1,467,2.75/5.5,0.04491019248962402,20.990246772766113,None,6,[1 2 0 0 0 0 0 1 0 1 1 0 2 0 0 0 0 2 0 0 0 0 0 1 0 0 0],[1. 1. 1. 1. 1. 1. 1.],[1. 1. 1. 1. 1. 1. 1.]
468,Egreedy,1,468,1.75/4.5,0.014970779418945312,21.00521755218506,None,2,[1 2 0 0 0 0 0 1 0 1 1 0 2 0 0 0 0 0 0 0 0 0 0 1 0 0 0],[1. 1. 1. 1. 1. 1. 1.],[1. 1. 1. 1. 1. 1. 1.]
469,Egreedy,1,469,2.75/5.0,0.02269458770751953,21.027912139892578,None,3,[1 2 0 0 0 0 2 0 0 0 0 0 2 0 0 0 0 0 0 0 0 1 0 1 0 0 0],[1. 1. 1. 1. 1. 1. 1.],[1. 1. 1. 1. 1. 1. 1.]
470,Egreedy,1,470,3.0/4.75,0.007056236267089844,21.034968376159668,None,1,[0 2 0 0 0 0 2 0 0 0 0 0 2 0 0 0 0 0 0 0 0 1 0 1 0 0 0],[1. 1. 1. 1. 1. 1. 1.],[1. 1. 1. 1. 1. 1. 1.]
471,Egreedy,1,471,2.0/3.75,0.014542341232299805,21.049510717391968,None,2,[0 2 0 0 0 0 2 0 0 0 0 0 0 0 0 0 0 0 0 0 0 1 0 1 0 0 0],[1. 1. 1. 1. 1. 1. 1.],[1. 1. 1. 1. 1. 1. 1.]
472,Egreedy,1,472,3.75/4.5,0.06437444686889648,21.113885164260864,None,34,[1 0 1 1 1 1 0 1 1 1 1 0 0 0 0 0 0 2 0 0 0 0 0 0 0 0 0],[1. 1. 1. 1. 1. 1. 1.],[1. 1. 1. 1. 1. 1. 1.]
473,Egreedy,1,473,4.25/4.5,0.04831838607788086,21.162203550338745,None,36,[1 0 1 1 1 1 0 0 0 0 0 0 2 0 0 0 0 0 1 1 1 1 0 0 0 0 0],[1. 1. 1. 1. 1. 1. 1.],[1. 1. 1. 1. 1. 1. 1.]
474,Egreedy,1,474,4.25/4.5,0.01437520980834961,21.176578760147095,None,2,[1 0 1 1 1 1 0 0 0 0 0 0 2 0 0 0 0 0 1 1 0 1 0 0 1 0 0],[1. 1. 1. 1. 1. 1. 1.],[1. 1. 1. 1. 1. 1. 1.]
475,Egreedy,1,475,3.75/4.5,0.07310938835144043,21.249688148498535,None,40,[1 0 0 0 0 0 0 1 1 1 1 0 2 0 0 0 0 0 1 1 1 1 0 0 0 0 0],[1. 1. 1. 1. 1. 1. 1.],[1. 1. 1. 1. 1. 1. 1.]
476,Egreedy,1,476,3.5/4.25,0.007201194763183594,21.25688934326172,None,1,[1 0 0 0 0 0 0 1 1 1 1 0 2 0 0 0 0 0 0 1 1 1 0 0 0 0 0],[1. 1. 1. 1. 1. 1. 1.],[1. 1. 1. 1. 1. 1. 1.]
477,Egreedy,1,477,3.25/4.0,0.0070781707763671875,21.263967514038086,None,1,[1 0 0 0 0 0 0 1 0 1 1 0 2 0 0 0 0 0 0 1 1 1 0 0 0 0 0],[1. 1. 1. 1. 1. 1. 1.],[1. 1. 1. 1. 1. 1. 1.]
478,Egreedy,1,478,3.0/3.75,0.007006406784057617,21.270973920822144,None,1,[1 0 0 0 0 0 0 1 0 1 1 0 2 0 0 0 0 0 0 1 1 0 0 0 0 0 0],[1. 1. 1. 1. 1. 1. 1.],[1. 1. 1. 1. 1. 1. 1.]
479,Egreedy,1,479,2.75/3.5,0.0070133209228515625,21.277987241744995,None,1,[1 0 0 0 0 0 0 1 0 0 1 0 2 0 0 0 0 0 0 1 1 0 0 0 0 0 0],[1. 1. 1. 1. 1. 1. 1.],[1. 1. 1. 1. 1. 1. 1.]
480,Egreedy,1,480,3.25/3.5,0.021756887435913086,21.299744129180908,None,3,[1 0 0 0 0 0 0 1 0 0 0 0 2 0 0 0 0 0 0 1 1 0 0 1 0 0 0],[1. 1. 1. 1. 1. 1. 1.],[1. 1. 1. 1. 1. 1. 1.]
481,Egreedy,1,481,4.25/4.5,0.05137944221496582,21.351123571395874,None,39,[1 0 1 1 1 1 0 0 0 0 0 0 2 0 0 0 0 0 0 0 0 0 0 1 1 1 1],[1. 1. 1. 1. 1. 1. 1.],[1. 1. 1. 1. 1. 1. 1.]
482,Egreedy,1,482,4.0/4.25,0.007195472717285156,21.35831904411316,None,1,[1 0 1 1 1 0 0 0 0 0 0 0 2 0 0 0 0 0 0 0 0 0 0 1 1 1 1],[1. 1. 1. 1. 1. 1. 1.],[1. 1. 1. 1. 1. 1. 1.]
483,Egreedy,1,483,4.25/2.5,0.08034372329711914,21.43866276741028,None,11,[1 0 0 0 0 0 0 1 1 1 0 2 0 0 0 0 0 0 1 0 0 1 0 0 1 1 1],[1. 1. 1. 1. 1. 1. 1.],[1. 1. 1. 1. 1. 1. 1.]
484,Egreedy,1,484,3.75/4.5,0.05345582962036133,21.49211859703064,None,41,[1 0 1 1 1 1 0 1 1 1 1 0 2 0 0 0 0 0 0 0 0 0 0 0 0 0 0],[1. 1. 1. 1. 1. 1. 1.],[1. 1. 1. 1. 1. 1. 1.]
485,Egreedy,1,485,3.75/4.5,0.06800317764282227,21.560121774673462,None,9,[1 0 1 1 1 1 0 1 0 1 1 0 0 0 0 0 0 2 0 0 0 0 0 1 0 0 0],[1. 1. 1. 1. 1. 1. 1.],[1. 1. 1. 1. 1. 1. 1.]
486,Egreedy,1,486,3.5/4.25,0.007211446762084961,21.567333221435547,None,1,[1 0 0 1 1 1 0 1 0 1 1 0 0 0 0 0 0 2 0 0 0 0 0 1 0 0 0],[1. 1. 1. 1. 1. 1. 1.],[1. 1. 1. 1. 1. 1. 1.]
487,Egreedy,1,487,5.5/2.75,0.055597543716430664,21.622930765151978,None,42,[0 0 0 0 0 0 0 0 0 0 0 2 0 1 1 1 1 0 1 1 1 1 0 1 1 1 1],[1. 1. 1. 1. 1. 1. 1.],[1. 1. 1. 1. 1. 1. 1.]
488,Egreedy,1,488,5.5/2.75,0.05669879913330078,21.67962956428528,None,43,[0 0 1 1 1 1 0 0 0 0 0 2 0 1 1 1 1 0 1 1 1 1 0 0 0 0 0],[1. 1. 1. 1. 1. 1. 1.],[1. 1. 1. 1. 1. 1. 1.]
489,Egreedy,1,489,5.5/3.25,0.00800633430480957,21.687635898590088,None,1,[0 0 1 1 1 1 0 0 0 0 0 2 2 0 0 0 0 0 1 1 1 1 0 0 0 0 0],[1. 1. 1. 1. 1. 1. 1.],[1. 1. 1. 1. 1. 1. 1.]
490,Egreedy,1,490,5.0/2.75,0.05783438682556152,21.74547028541565,None,44,[0 0 0 0 0 0 0 1 1 1 1 2 0 1 1 1 1 0 1 1 1 1 0 0 0 0 0],[1. 1. 1. 1. 1. 1. 1.],[1. 1. 1. 1. 1. 1. 1.]
491,Egreedy,1,491,4.75/2.5,0.00753331184387207,21.75300359725952,None,1,[0 0 0 0 0 0 0 1 1 1 1 2 0 0 1 1 1 0 1 1 1 1 0 0 0 0 0],[1. 1. 1. 1. 1. 1. 1.],[1. 1. 1. 1. 1. 1. 1.]
492,Egreedy,1,492,4.5/2.25,0.007371187210083008,21.760374784469604,None,1,[0 0 0 0 0 0 0 1 1 1 1 2 0 0 1 1 1 0 1 0 1 1 0 0 0 0 0],[1. 1. 1. 1. 1. 1. 1.],[1. 1. 1. 1. 1. 1. 1.]
493,Egreedy,1,493,4.25/2.0,0.07323360443115234,21.833608388900757,None,47,[1 0 0 0 0 0 0 0 0 0 0 2 0 1 1 1 1 0 1 1 1 1 0 0 0 0 0],[1. 1. 1. 1. 1. 1. 1.],[1. 1. 1. 1. 1. 1. 1.]
494,Egreedy,1,494,4.0/1.75,0.00729060173034668,21.840898990631104,None,1,[1 0 0 0 0 0 0 0 0 0 0 2 0 1 1 1 0 0 1 1 1 1 0 0 0 0 0],[1. 1. 1. 1. 1. 1. 1.],[1. 1. 1. 1. 1. 1. 1.]
495,Egreedy,1,495,3.75/1.5,0.007310390472412109,21.848209381103516,None,1,[1 0 0 0 0 0 0 0 0 0 0 2 0 1 1 1 0 0 1 1 1 0 0 0 0 0 0],[1. 1. 1. 1. 1. 1. 1.],[1. 1. 1. 1. 1. 1. 1.]
496,Egreedy,1,496,3.5/1.25,0.007248401641845703,21.85545778274536,None,1,[1 0 0 0 0 0 0 0 0 0 0 2 0 1 1 1 0 0 1 1 0 0 0 0 0 0 0],[1. 1. 1. 1. 1. 1. 1.],[1. 1. 1. 1. 1. 1. 1.]
497,Egreedy,1,497,3.25/1.0,0.007142305374145508,21.862600088119507,None,1,[1 0 0 0 0 0 0 0 0 0 0 2 0 1 1 1 0 0 0 1 0 0 0 0 0 0 0],[1. 1. 1. 1. 1. 1. 1.],[1. 1. 1. 1. 1. 1. 1.]
498,Egreedy,1,498,5.25/3.0,0.03629469871520996,21.898894786834717,None,5,[0 0 0 0 0 0 2 0 0 0 0 2 2 0 0 0 0 0 0 1 1 0 0 1 0 0 0],[1. 1. 1. 1. 1. 1. 1.],[1. 1. 1. 1. 1. 1. 1.]
499,Egreedy,1,499,5.25/3.0,0.05948233604431152,21.95837712287903,None,8,[0 0 0 0 0 0 2 0 0 0 0 2 2 0 0 0 0 0 1 1 0 0 0 1 0 0 0],[1. 1. 1. 1. 1. 1. 1.],[1. 1. 1. 1. 1. 1. 1.]
500,Egreedy,1,500,4.25/2.0,0.007174015045166016,21.965551137924194,None,1,[0 0 0 0 0 0 0 0 0 0 0 2 2 0 0 0 0 0 1 1 0 0 0 1 0 0 0],[1. 1. 1. 1. 1. 1. 1.],[1. 1. 1. 1. 1. 1. 1.]
501,Egreedy,1,501,4.75/2.5,0.04512190818786621,22.01067304611206,None,6,[0 0 0 0 0 0 2 0 0 0 0 2 0 0 1 0 0 0 1 1 1 0 0 1 0 0 0],[1. 1. 1. 1. 1. 1. 1.],[1. 1. 1. 1. 1. 1. 1.]
502,Egreedy,1,502,5.75/3.5,0.03712964057922363,22.047802686691284,None,5,[0 0 1 0 0 0 2 0 0 0 0 2 2 0 0 0 0 0 1 0 1 1 0 1 0 0 0],[1. 1. 1. 1. 1. 1. 1.],[1. 1. 1. 1. 1. 1. 1.]
503,Egreedy,1,503,5.5/3.25,0.014989614486694336,22.06279230117798,None,2,[0 0 1 0 0 0 2 0 0 0 0 2 2 0 0 0 0 0 1 0 1 0 0 1 0 0 0],[1. 1. 1. 1. 1. 1. 1.],[1. 1. 1. 1. 1. 1. 1.]
504,Egreedy,1,504,5.5/3.75,0.10619783401489258,22.16899013519287,None,14,[1 0 1 0 0 1 2 0 0 0 0 2 2 0 0 0 0 0 0 1 0 0 0 1 1 0 0],[1. 1. 1. 1. 1. 1. 1.],[1. 1. 1. 1. 1. 1. 1.]
505,Egreedy,1,505,2.75/5.0,0.08414602279663086,22.253136157989502,None,11,[1 2 0 0 0 0 2 0 0 0 0 0 2 0 0 0 0 0 0 1 0 0 0 1 0 0 0],[1. 1. 1. 1. 1. 1. 1.],[1. 1. 1. 1. 1. 1. 1.]
506,Egreedy,1,506,5.0/3.25,0.07696819305419922,22.3301043510437,None,49,[0 0 0 0 0 0 0 1 1 1 1 2 0 0 0 0 0 0 1 1 1 1 0 1 1 1 1],[1. 1. 1. 1. 1. 1. 1.],[1. 1. 1. 1. 1. 1. 1.]
507,Egreedy,1,507,4.75/3.0,0.00750732421875,22.33761167526245,None,1,[0 0 0 0 0 0 0 1 1 0 1 2 0 0 0 0 0 0 1 1 1 1 0 1 1 1 1],[1. 1. 1. 1. 1. 1. 1.],[1. 1. 1. 1. 1. 1. 1.]
508,Egreedy,1,508,5.5/3.25,0.008105993270874023,22.345717668533325,None,1,[0 0 0 0 0 0 2 0 0 0 0 2 0 0 0 0 0 0 1 1 1 1 0 1 1 1 1],[1. 1. 1. 1. 1. 1. 1.],[1. 1. 1. 1. 1. 1. 1.]
509,Egreedy,1,509,5.25/3.0,0.007573127746582031,22.353290796279907,None,1,[0 0 0 0 0 0 2 0 0 0 0 2 0 0 0 0 0 0 1 0 1 1 0 1 1 1 1],[1. 1. 1. 1. 1. 1. 1.],[1. 1. 1. 1. 1. 1. 1.]
510,Egreedy,1,510,4.25/2.5,0.07107663154602051,22.424367427825928,None,49,[1 0 0 0 0 0 0 0 0 0 0 2 0 0 0 0 0 0 1 1 1 1 0 1 1 1 1],[1. 1. 1. 1. 1. 1. 1.],[1. 1. 1. 1. 1. 1. 1.]
511,Egreedy,1,511,4.0/2.25,0.007389068603515625,22.431756496429443,None,1,[1 0 0 0 0 0 0 0 0 0 0 2 0 0 0 0 0 0 1 1 1 0 0 1 1 1 1],[1. 1. 1. 1. 1. 1. 1.],[1. 1. 1. 1. 1. 1. 1.]
512,Egreedy,1,512,3.75/2.0,0.007244586944580078,22.439001083374023,None,1,[1 0 0 0 0 0 0 0 0 0 0 2 0 0 0 0 0 0 1 1 1 0 0 1 1 0 1],[1. 1. 1. 1. 1. 1. 1.],[1. 1. 1. 1. 1. 1. 1.]
513,Egreedy,1,513,4.5/2.75,0.014528512954711914,22.453529596328735,None,2,[1 0 0 0 0 0 2 0 0 0 0 2 0 0 0 0 0 0 1 1 1 0 0 1 0 0 1],[1. 1. 1. 1. 1. 1. 1.],[1. 1. 1. 1. 1. 1. 1.]
514,Egreedy,1,514,4.0/2.25,0.015466928482055664,22.46899652481079,None,2,[1 0 0 0 0 0 0 0 1 0 0 2 0 0 0 0 0 2 0 0 0 0 0 1 0 0 1],[1. 1. 1. 1. 1. 1. 1.],[1. 1. 1. 1. 1. 1. 1.]
515,Egreedy,1,515,5.0/3.25,0.10151290893554688,22.570509433746338,None,54,[0 0 1 1 1 1 0 1 1 1 1 2 0 0 0 0 0 0 1 1 1 1 0 0 0 0 0],[1. 1. 1. 1. 1. 1. 1.],[1. 1. 1. 1. 1. 1. 1.]
516,Egreedy,1,516,5.0/3.25,0.015150785446166992,22.585660219192505,None,2,[0 0 1 1 1 1 0 1 1 0 1 2 0 0 1 0 0 0 1 1 1 1 0 0 0 0 0],[1. 1. 1. 1. 1. 1. 1.],[1. 1. 1. 1. 1. 1. 1.]
517,Egreedy,1,517,4.25/2.5,0.1260697841644287,22.711730003356934,None,58,[1 0 1 1 1 1 0 0 0 0 0 2 0 0 0 0 0 0 1 1 1 1 0 0 0 0 0],[1. 1. 1. 1. 1. 1. 1.],[1. 1. 1. 1. 1. 1. 1.]
518,Egreedy,1,518,4.0/2.25,0.007435321807861328,22.719165325164795,None,1,[1 0 1 1 1 1 0 0 0 0 0 2 0 0 0 0 0 0 0 1 1 1 0 0 0 0 0],[1. 1. 1. 1. 1. 1. 1.],[1. 1. 1. 1. 1. 1. 1.]
519,Egreedy,1,519,4.75/3.0,0.02283453941345215,22.741999864578247,None,3,[1 0 1 1 1 1 0 1 0 0 0 2 0 0 0 0 0 2 0 0 0 0 0 1 0 0 0],[1. 1. 1. 1. 1. 1. 1.],[1. 1. 1. 1. 1. 1. 1.]
520,Egreedy,1,520,4.0/2.25,0.014756202697753906,22.756756067276,None,2,[1 0 1 1 1 1 0 1 0 0 0 2 0 0 0 0 0 0 0 0 0 0 0 1 0 1 0],[1. 1. 1. 1. 1. 1. 1.],[1. 1. 1. 1. 1. 1. 1.]
521,Egreedy,1,521,3.75/2.0,0.007263660430908203,22.76401972770691,None,1,[1 0 1 1 1 1 0 1 0 0 0 2 0 0 0 0 0 0 0 0 0 0 0 1 0 0 0],[1. 1. 1. 1. 1. 1. 1.],[1. 1. 1. 1. 1. 1. 1.]
522,Egreedy,1,522,3.75/2.5,0.06652069091796875,22.830540418624878,None,51,[1 0 0 0 0 0 0 1 1 1 1 2 0 0 0 0 0 0 1 1 1 1 0 0 0 0 0],[1. 1. 1. 1. 1. 1. 1.],[1. 1. 1. 1. 1. 1. 1.]
523,Egreedy,1,523,5.5/2.75,0.06829500198364258,22.89883542060852,None,52,[0 0 1 1 1 1 0 0 0 0 0 2 0 1 1 1 1 0 0 0 0 0 0 1 1 1 1],[1. 1. 1. 1. 1. 1. 1.],[1. 1. 1. 1. 1. 1. 1.]
524,Egreedy,1,524,4.5/3.75,0.008269786834716797,22.907105207443237,None,1,[0 0 1 1 1 1 0 0 0 0 0 0 0 1 1 1 1 0 0 0 0 0 2 0 0 0 0],[1. 1. 1. 1. 1. 1. 1.],[1. 1. 1. 1. 1. 1. 1.]
525,Egreedy,1,525,4.5/4.25,0.01596379280090332,22.92306900024414,None,2,[0 0 1 1 1 1 0 0 0 0 0 0 2 0 0 0 0 0 0 0 0 0 2 0 0 0 0],[1. 1. 1. 1. 1. 1. 1.],[1. 1. 1. 1. 1. 1. 1.]
526,Egreedy,1,526,4.5/4.25,0.014361381530761719,22.937430381774902,None,2,[0 0 0 1 1 1 0 0 0 0 0 0 2 0 0 0 0 0 1 0 0 0 2 0 0 0 0],[1. 1. 1. 1. 1. 1. 1.],[1. 1. 1. 1. 1. 1. 1.]
527,Egreedy,1,527,4.75/4.5,0.029334306716918945,22.96676468849182,None,4,[0 0 1 1 0 1 0 0 0 0 0 0 2 0 0 0 0 0 1 0 1 0 2 0 0 0 0],[1. 1. 1. 1. 1. 1. 1.],[1. 1. 1. 1. 1. 1. 1.]
528,Egreedy,1,528,5.0/2.75,0.02162766456604004,22.98839235305786,None,3,[0 0 1 1 1 1 0 0 0 0 0 2 2 0 0 0 0 0 1 0 1 0 0 0 0 0 0],[1. 1. 1. 1. 1. 1. 1.],[1. 1. 1. 1. 1. 1. 1.]
529,Egreedy,1,529,6.5/4.25,0.06141209602355957,23.04980444908142,None,8,[0 0 0 1 1 1 2 0 0 0 0 2 2 0 0 0 0 0 1 0 1 1 0 1 1 0 0],[1. 1. 1. 1. 1. 1. 1.],[1. 1. 1. 1. 1. 1. 1.]
530,Egreedy,1,530,6.25/4.0,0.007443666458129883,23.05724811553955,None,1,[0 0 0 1 1 1 2 0 0 0 0 2 2 0 0 0 0 0 1 0 1 1 0 1 0 0 0],[1. 1. 1. 1. 1. 1. 1.],[1. 1. 1. 1. 1. 1. 1.]
531,Egreedy,1,531,6.0/3.75,0.007325410842895508,23.064573526382446,None,1,[0 0 0 1 1 1 2 0 0 0 0 2 2 0 0 0 0 0 1 0 1 0 0 1 0 0 0],[1. 1. 1. 1. 1. 1. 1.],[1. 1. 1. 1. 1. 1. 1.]
532,Egreedy,1,532,5.75/3.5,0.01533651351928711,23.079910039901733,None,2,[0 0 0 1 1 1 2 0 0 0 0 2 2 0 0 0 0 0 1 0 1 0 0 0 0 0 0],[1. 1. 1. 1. 1. 1. 1.],[1. 1. 1. 1. 1. 1. 1.]
533,Egreedy,1,533,4.75/2.5,0.007214069366455078,23.08712410926819,None,1,[0 0 0 1 1 1 0 0 0 0 0 2 2 0 0 0 0 0 1 0 1 0 0 0 0 0 0],[1. 1. 1. 1. 1. 1. 1.],[1. 1. 1. 1. 1. 1. 1.]
534,Egreedy,1,534,4.75/2.5,0.014485359191894531,23.101609468460083,None,2,[0 0 1 0 1 1 0 0 0 0 0 2 2 0 0 0 0 0 1 0 1 0 0 0 0 0 0],[1. 1. 1. 1. 1. 1. 1.],[1. 1. 1. 1. 1. 1. 1.]
535,Egreedy,1,535,3.75/1.5,0.0071735382080078125,23.10878300666809,None,1,[0 0 1 0 1 1 0 0 0 0 0 2 0 0 0 0 0 0 1 0 1 0 0 0 0 0 0],[1. 1. 1. 1. 1. 1. 1.],[1. 1. 1. 1. 1. 1. 1.]
536,Egreedy,1,536,3.75/1.5,0.014344930648803711,23.123127937316895,None,2,[0 0 0 0 1 1 0 0 0 0 0 2 0 0 0 0 0 0 1 0 1 0 0 1 0 0 0],[1. 1. 1. 1. 1. 1. 1.],[1. 1. 1. 1. 1. 1. 1.]
537,Egreedy,1,537,3.5/1.25,0.007146596908569336,23.130274534225464,None,1,[0 0 0 0 1 0 0 0 0 0 0 2 0 0 0 0 0 0 1 0 1 0 0 1 0 0 0],[1. 1. 1. 1. 1. 1. 1.],[1. 1. 1. 1. 1. 1. 1.]
538,Egreedy,1,538,4.75/4.5,0.07299137115478516,23.20326590538025,None,10,[0 0 0 0 1 0 2 0 0 0 0 0 2 0 0 0 0 0 1 0 1 0 0 1 0 0 1],[1. 1. 1. 1. 1. 1. 1.],[1. 1. 1. 1. 1. 1. 1.]
539,Egreedy,1,539,4.5/4.25,0.007210969924926758,23.210476875305176,None,1,[0 0 0 0 1 0 2 0 0 0 0 0 2 0 0 0 0 0 0 0 1 0 0 1 0 0 1],[1. 1. 1. 1. 1. 1. 1.],[1. 1. 1. 1. 1. 1. 1.]
540,Egreedy,1,540,3.25/3.5,0.022245407104492188,23.232722282409668,None,3,[1 0 0 0 1 0 2 0 0 0 0 0 0 0 0 0 0 0 0 0 1 0 0 1 0 0 1],[1. 1. 1. 1. 1. 1. 1.],[1. 1. 1. 1. 1. 1. 1.]
541,Egreedy,1,541,4.5/2.75,0.044943809509277344,23.277666091918945,None,6,[1 0 0 0 1 1 2 0 0 0 0 2 0 0 0 0 1 0 0 0 1 0 0 0 0 0 1],[1. 1. 1. 1. 1. 1. 1.],[1. 1. 1. 1. 1. 1. 1.]
542,Egreedy,1,542,4.25/2.5,0.0072629451751708984,23.284929037094116,None,1,[1 0 0 0 1 0 2 0 0 0 0 2 0 0 0 0 1 0 0 0 1 0 0 0 0 0 1],[1. 1. 1. 1. 1. 1. 1.],[1. 1. 1. 1. 1. 1. 1.]
543,Egreedy,1,543,5.0/3.25,0.007964849472045898,23.292893886566162,None,1,[1 0 0 0 1 0 2 0 0 0 0 2 0 0 0 0 1 0 0 0 1 0 2 0 0 0 0],[1. 1. 1. 1. 1. 1. 1.],[1. 1. 1. 1. 1. 1. 1.]
544,Egreedy,1,544,5.5/3.25,0.022258281707763672,23.315152168273926,None,3,[0 0 0 0 1 0 2 0 0 0 0 2 0 0 0 0 1 0 1 0 1 0 2 0 0 0 0],[1. 1. 1. 1. 1. 1. 1.],[1. 1. 1. 1. 1. 1. 1.]
545,Egreedy,1,545,5.0/2.75,0.07742619514465332,23.39257836341858,None,54,[0 0 0 0 0 0 0 1 1 1 1 2 0 1 1 1 1 0 0 0 0 0 0 1 1 1 1],[1. 1. 1. 1. 1. 1. 1.],[1. 1. 1. 1. 1. 1. 1.]
546,Egreedy,1,546,4.25/2.0,0.07103705406188965,23.46361541748047,None,54,[1 0 0 0 0 0 0 0 0 0 0 2 0 1 1 1 1 0 0 0 0 0 0 1 1 1 1],[1. 1. 1. 1. 1. 1. 1.],[1. 1. 1. 1. 1. 1. 1.]
547,Egreedy,1,547,4.25/2.0,0.09559917449951172,23.55921459197998,None,59,[1 0 1 1 1 1 0 0 0 0 0 2 0 1 1 1 1 0 0 0 0 0 0 0 0 0 0],[1. 1. 1. 1. 1. 1. 1.],[1. 1. 1. 1. 1. 1. 1.]
548,Egreedy,1,548,3.75/2.0,0.07457351684570312,23.633788108825684,None,57,[1 0 0 0 0 0 0 1 1 1 1 2 0 1 1 1 1 0 0 0 0 0 0 0 0 0 0],[1. 1. 1. 1. 1. 1. 1.],[1. 1. 1. 1. 1. 1. 1.]
549,Egreedy,1,549,5.0/3.25,0.26431798934936523,23.89810609817505,None,83,[0 0 1 1 1 1 0 1 1 1 1 2 0 0 0 0 0 0 0 0 0 0 0 1 1 1 1],[1. 1. 1. 1. 1. 1. 1.],[1. 1. 1. 1. 1. 1. 1.]
550,Egreedy,1,550,5.5/3.25,0.008275508880615234,23.906381607055664,None,1,[0 0 1 1 1 1 2 0 0 0 0 2 0 0 0 0 0 0 0 0 0 0 0 1 1 1 1],[1. 1. 1. 1. 1. 1. 1.],[1. 1. 1. 1. 1. 1. 1.]
551,Egreedy,1,551,4.5/4.25,0.007481813430786133,23.91386342048645,None,1,[0 0 1 1 1 1 2 0 0 0 0 0 0 0 0 0 0 0 0 0 0 0 0 1 1 1 1],[1. 1. 1. 1. 1. 1. 1.],[1. 1. 1. 1. 1. 1. 1.]
552,Egreedy,1,552,4.25/2.5,0.07674908638000488,23.990612506866455,None,59,[1 0 1 1 1 1 0 0 0 0 0 2 0 0 0 0 0 0 0 0 0 0 0 1 1 1 1],[1. 1. 1. 1. 1. 1. 1.],[1. 1. 1. 1. 1. 1. 1.]
553,Egreedy,1,553,3.75/2.5,0.12232518196105957,24.112937688827515,None,66,[1 0 0 0 0 0 0 1 1 1 1 2 0 0 0 0 0 0 0 0 0 0 0 1 1 1 1],[1. 1. 1. 1. 1. 1. 1.],[1. 1. 1. 1. 1. 1. 1.]
554,Egreedy,1,554,3.75/2.5,0.014917850494384766,24.1278555393219,None,2,[1 0 0 0 0 0 0 0 1 1 1 2 0 0 0 0 1 0 0 0 0 0 0 1 1 1 1],[1. 1. 1. 1. 1. 1. 1.],[1. 1. 1. 1. 1. 1. 1.]
555,Egreedy,1,555,3.5/2.25,0.015590190887451172,24.14344573020935,None,2,[1 0 0 0 0 0 0 0 1 1 1 2 0 0 0 0 1 0 0 0 0 0 0 1 1 1 0],[1. 1. 1. 1. 1. 1. 1.],[1. 1. 1. 1. 1. 1. 1.]
556,Egreedy,1,556,3.75/2.5,0.07904720306396484,24.222492933273315,None,61,[1 0 1 1 1 1 0 1 1 1 1 2 0 0 0 0 0 0 0 0 0 0 0 0 0 0 0],[1. 1. 1. 1. 1. 1. 1.],[1. 1. 1. 1. 1. 1. 1.]
557,Egreedy,1,557,4.25/2.5,0.014932632446289062,24.237425565719604,None,2,[0 0 1 1 1 1 0 1 1 1 1 2 0 0 0 0 0 0 0 0 0 1 0 0 0 0 0],[1. 1. 1. 1. 1. 1. 1.],[1. 1. 1. 1. 1. 1. 1.]
558,Egreedy,1,558,5.0/4.75,0.08186459541320801,24.319290161132812,None,63,[0 0 0 0 0 0 0 1 1 1 1 0 0 1 1 1 1 0 1 1 1 1 2 0 0 0 0],[1. 1. 1. 1. 1. 1. 1.],[1. 1. 1. 1. 1. 1. 1.]
559,Egreedy,1,559,4.75/4.5,0.007660865783691406,24.326951026916504,None,1,[0 0 0 0 0 0 0 1 0 1 1 0 0 1 1 1 1 0 1 1 1 1 2 0 0 0 0],[1. 1. 1. 1. 1. 1. 1.],[1. 1. 1. 1. 1. 1. 1.]
560,Egreedy,1,560,3.5/5.75,0.04026031494140625,24.36721134185791,None,5,[0 2 0 0 0 0 0 1 0 1 1 0 0 1 1 0 1 0 1 1 1 1 2 0 0 0 0],[1. 1. 1. 1. 1. 1. 1.],[1. 1. 1. 1. 1. 1. 1.]
561,Egreedy,1,561,2.25/5.0,0.023279190063476562,24.390490531921387,None,3,[1 2 0 0 0 0 0 1 0 1 1 0 0 1 1 0 1 0 1 1 1 1 0 0 0 0 0],[1. 1. 1. 1. 1. 1. 1.],[1. 1. 1. 1. 1. 1. 1.]
562,Egreedy,1,562,2.0/4.75,0.007514476776123047,24.39800500869751,None,1,[1 2 0 0 0 0 0 0 0 1 1 0 0 1 1 0 1 0 1 1 1 1 0 0 0 0 0],[1. 1. 1. 1. 1. 1. 1.],[1. 1. 1. 1. 1. 1. 1.]
563,Egreedy,1,563,5.0/5.25,0.09273695945739746,24.490741968154907,None,66,[0 0 1 1 1 1 0 1 1 1 1 0 0 0 0 0 0 0 1 1 1 1 2 0 0 0 0],[1. 1. 1. 1. 1. 1. 1.],[1. 1. 1. 1. 1. 1. 1.]
564,Egreedy,1,564,4.75/5.0,0.00758671760559082,24.498328685760498,None,1,[0 0 1 1 1 1 0 1 1 0 1 0 0 0 0 0 0 0 1 1 1 1 2 0 0 0 0],[1. 1. 1. 1. 1. 1. 1.],[1. 1. 1. 1. 1. 1. 1.]
565,Egreedy,1,565,4.5/4.75,0.02238297462463379,24.520711660385132,None,3,[0 0 1 1 1 1 0 1 1 0 1 0 0 0 0 0 0 0 0 1 1 1 2 0 0 0 0],[1. 1. 1. 1. 1. 1. 1.],[1. 1. 1. 1. 1. 1. 1.]
566,Egreedy,1,566,4.25/4.5,0.00742340087890625,24.528135061264038,None,1,[0 0 1 1 1 1 0 1 0 0 1 0 0 0 0 0 0 0 0 1 1 1 2 0 0 0 0],[1. 1. 1. 1. 1. 1. 1.],[1. 1. 1. 1. 1. 1. 1.]
567,Egreedy,1,567,4.0/4.25,0.007349252700805664,24.535484313964844,None,1,[0 0 1 0 1 1 0 1 0 0 1 0 0 0 0 0 0 0 0 1 1 1 2 0 0 0 0],[1. 1. 1. 1. 1. 1. 1.],[1. 1. 1. 1. 1. 1. 1.]
568,Egreedy,1,568,3.75/4.0,0.007312297821044922,24.54279661178589,None,1,[0 0 1 0 1 1 0 1 0 0 1 0 0 0 0 0 0 0 0 1 1 0 2 0 0 0 0],[1. 1. 1. 1. 1. 1. 1.],[1. 1. 1. 1. 1. 1. 1.]
569,Egreedy,1,569,3.75/3.5,0.022831439971923828,24.565628051757812,None,3,[0 0 1 0 1 1 0 1 0 0 1 0 0 0 0 1 0 0 0 0 1 0 2 0 0 0 0],[1. 1. 1. 1. 1. 1. 1.],[1. 1. 1. 1. 1. 1. 1.]
570,Egreedy,1,570,4.0/3.75,0.022032499313354492,24.587660551071167,None,3,[0 0 1 0 1 1 0 1 0 0 1 0 0 0 0 1 0 0 1 1 0 0 2 0 0 0 0],[1. 1. 1. 1. 1. 1. 1.],[1. 1. 1. 1. 1. 1. 1.]
571,Egreedy,1,571,5.0/4.25,0.06985878944396973,24.657519340515137,None,9,[0 0 1 1 1 1 2 0 0 0 0 0 0 0 1 1 1 0 1 1 0 1 0 0 0 0 0],[1. 1. 1. 1. 1. 1. 1.],[1. 1. 1. 1. 1. 1. 1.]
572,Egreedy,1,572,5.75/3.5,0.06377768516540527,24.721297025680542,None,8,[1 0 1 1 1 1 0 0 0 0 0 2 0 0 1 1 1 0 1 1 0 1 2 0 0 0 0],[1. 1. 1. 1. 1. 1. 1.],[1. 1. 1. 1. 1. 1. 1.]
573,Egreedy,1,573,5.5/3.25,0.00756072998046875,24.72885775566101,None,1,[1 0 1 1 1 1 0 0 0 0 0 2 0 0 1 1 1 0 0 1 0 1 2 0 0 0 0],[1. 1. 1. 1. 1. 1. 1.],[1. 1. 1. 1. 1. 1. 1.]
574,Egreedy,1,574,5.25/3.0,0.00743865966796875,24.73629641532898,None,1,[1 0 1 1 1 1 0 0 0 0 0 2 0 0 1 1 1 0 0 0 0 1 2 0 0 0 0],[1. 1. 1. 1. 1. 1. 1.],[1. 1. 1. 1. 1. 1. 1.]
575,Egreedy,1,575,5.0/3.25,0.007428169250488281,24.743724584579468,None,1,[1 0 1 1 1 1 0 0 0 0 0 2 0 0 1 0 1 0 0 0 0 1 2 0 0 0 0],[1. 1. 1. 1. 1. 1. 1.],[1. 1. 1. 1. 1. 1. 1.]
576,Egreedy,1,576,4.75/3.0,0.007399797439575195,24.751124382019043,None,1,[1 0 1 1 0 1 0 0 0 0 0 2 0 0 1 0 1 0 0 0 0 1 2 0 0 0 0],[1. 1. 1. 1. 1. 1. 1.],[1. 1. 1. 1. 1. 1. 1.]
577,Egreedy,1,577,5.75/4.0,0.023720979690551758,24.774845361709595,None,3,[1 0 1 1 1 1 0 0 0 0 0 2 0 0 1 0 1 2 0 0 0 0 2 0 0 0 0],[1. 1. 1. 1. 1. 1. 1.],[1. 1. 1. 1. 1. 1. 1.]
578,Egreedy,1,578,4.25/4.5,0.08612942695617676,24.86097478866577,None,66,[1 0 1 1 1 1 0 0 0 0 0 0 0 0 0 0 0 0 1 1 1 1 2 0 0 0 0],[1. 1. 1. 1. 1. 1. 1.],[1. 1. 1. 1. 1. 1. 1.]
579,Egreedy,1,579,3.75/4.5,0.1215822696685791,24.98255705833435,None,75,[1 0 1 1 1 1 0 1 1 1 1 0 0 0 0 0 0 0 0 0 0 0 2 0 0 0 0],[1. 1. 1. 1. 1. 1. 1.],[1. 1. 1. 1. 1. 1. 1.]
580,Egreedy,1,580,3.5/4.25,0.007487058639526367,24.990044116973877,None,1,[1 0 1 1 1 0 0 1 1 1 1 0 0 0 0 0 0 0 0 0 0 0 2 0 0 0 0],[1. 1. 1. 1. 1. 1. 1.],[1. 1. 1. 1. 1. 1. 1.]
581,Egreedy,1,581,3.25/4.0,0.015527725219726562,25.005571842193604,None,2,[1 0 1 1 0 0 0 1 1 1 1 0 0 0 0 0 0 0 0 0 0 0 2 0 0 0 0],[1. 1. 1. 1. 1. 1. 1.],[1. 1. 1. 1. 1. 1. 1.]
582,Egreedy,1,582,3.25/4.0,0.014634132385253906,25.020205974578857,None,2,[1 0 1 1 0 0 0 1 0 1 1 0 0 0 0 0 0 0 0 1 0 0 2 0 0 0 0],[1. 1. 1. 1. 1. 1. 1.],[1. 1. 1. 1. 1. 1. 1.]
583,Egreedy,1,583,3.0/3.75,0.007342815399169922,25.027548789978027,None,1,[1 0 0 1 0 0 0 1 0 1 1 0 0 0 0 0 0 0 0 1 0 0 2 0 0 0 0],[1. 1. 1. 1. 1. 1. 1.],[1. 1. 1. 1. 1. 1. 1.]
584,Egreedy,1,584,1.75/4.5,0.008031129837036133,25.035579919815063,None,1,[1 2 0 0 0 0 0 1 0 1 1 0 0 0 0 0 0 0 0 1 0 0 2 0 0 0 0],[1. 1. 1. 1. 1. 1. 1.],[1. 1. 1. 1. 1. 1. 1.]
585,Egreedy,1,585,2.75/5.0,0.09809589385986328,25.133675813674927,None,13,[1 2 0 0 0 0 0 1 0 0 0 0 2 0 0 0 0 0 0 0 0 1 2 0 0 0 0],[1. 1. 1. 1. 1. 1. 1.],[1. 1. 1. 1. 1. 1. 1.]
586,Egreedy,1,586,2.0/4.25,0.0224306583404541,25.15610647201538,None,3,[1 2 0 0 0 0 0 1 1 0 0 0 0 0 0 0 0 0 0 0 0 1 2 0 0 0 0],[1. 1. 1. 1. 1. 1. 1.],[1. 1. 1. 1. 1. 1. 1.]
587,Egreedy,1,587,3.5/4.75,12.870186805725098,38.02629327774048,None,10982,[0 2 0 0 0 0 2 0 0 0 0 0 0 1 1 1 1 2 0 0 0 0 0 0 0 0 0],[1. 1. 1. 1. 1. 1. 1.],[1. 1. 1. 1. 1. 1. 1.]
588,Egreedy,1,588,3.5/3.25,0.02259087562561035,38.04888415336609,None,3,[0 2 0 0 0 0 0 0 0 0 1 2 0 1 1 1 1 2 0 0 0 0 0 0 1 0 0],[1. 1. 1. 1. 1. 1. 1.],[1. 1. 1. 1. 1. 1. 1.]
589,Egreedy,1,589,3.5/5.25,0.022259950637817383,38.071144104003906,None,4,[0 2 0 0 0 0 2 0 0 0 0 0 0 0 0 0 0 2 0 0 0 0 0 1 1 1 1],[1. 1. 1. 1. 1. 1. 1.],[1. 1. 1. 1. 1. 1. 1.]
590,Egreedy,1,590,2.25/4.5,0.014737367630004883,38.08588147163391,None,4,[1 2 0 0 0 0 2 0 0 0 0 0 0 0 0 0 0 2 0 0 0 0 0 0 0 0 0],[1. 1. 1. 1. 1. 1. 1.],[1. 1. 1. 1. 1. 1. 1.]
591,Egreedy,1,591,2.25/4.5,0.01762533187866211,38.10350680351257,None,7,[1 2 0 0 0 0 2 0 0 0 0 0 2 0 0 0 0 0 0 0 0 0 0 0 0 0 0],[1. 1. 1. 1. 1. 1. 1.],[1. 1. 1. 1. 1. 1. 1.]
592,Egreedy,1,592,1.5/3.75,0.007775306701660156,38.11128211021423,None,1,[1 2 0 0 0 0 2 0 0 0 0 0 0 0 0 0 1 0 0 0 0 0 0 0 0 0 0],[1. 1. 1. 1. 1. 1. 1.],[1. 1. 1. 1. 1. 1. 1.]
593,Egreedy,1,593,1.75/3.5,0.007173299789428711,38.11845541000366,None,1,[0 2 0 0 0 0 2 0 0 0 0 0 0 0 0 0 1 0 0 0 0 0 0 0 0 0 0],[1. 1. 1. 1. 1. 1. 1.],[1. 1. 1. 1. 1. 1. 1.]
594,Egreedy,1,594,3.5/3.25,0.04091501235961914,38.15937042236328,None,11,[0 2 0 0 0 0 2 0 0 0 0 2 0 0 0 0 0 0 1 1 1 1 0 0 0 0 0],[1. 1. 1. 1. 1. 1. 1.],[1. 1. 1. 1. 1. 1. 1.]
595,Egreedy,1,595,3.5/2.75,0.014611959457397461,38.17398238182068,None,2,[0 2 0 0 0 0 2 0 0 0 0 2 0 0 0 1 0 0 0 1 1 1 0 0 0 0 0],[1. 1. 1. 1. 1. 1. 1.],[1. 1. 1. 1. 1. 1. 1.]
596,Egreedy,1,596,3.0/3.25,0.014528512954711914,38.18851089477539,None,2,[1 2 0 0 0 0 2 0 0 0 0 2 0 0 0 0 0 0 0 1 1 1 0 0 0 0 0],[1. 1. 1. 1. 1. 1. 1.],[1. 1. 1. 1. 1. 1. 1.]
597,Egreedy,1,597,2.0/4.25,0.007211923599243164,38.195722818374634,None,1,[1 2 0 0 0 0 2 0 0 0 0 0 0 0 0 0 0 0 0 1 1 1 0 0 0 0 0],[1. 1. 1. 1. 1. 1. 1.],[1. 1. 1. 1. 1. 1. 1.]
598,Egreedy,1,598,2.75/4.5,0.04567527770996094,38.241398096084595,None,6,[0 2 0 0 0 0 2 0 0 0 0 0 0 0 1 0 0 0 0 1 1 1 0 0 0 0 1],[1. 1. 1. 1. 1. 1. 1.],[1. 1. 1. 1. 1. 1. 1.]
599,Egreedy,1,599,2.25/2.5,0.06683778762817383,38.30823588371277,None,17,[1 2 0 0 0 0 2 0 0 0 0 2 0 0 0 0 0 0 0 0 0 0 0 0 0 0 0],[1. 1. 1. 1. 1. 1. 1.],[1. 1. 1. 1. 1. 1. 1.]
600,Egreedy,1,600,3.5/5.25,0.07526659965515137,38.38350248336792,None,19,[0 2 0 0 0 0 2 0 0 0 0 0 0 0 0 0 0 0 1 1 1 1 2 0 0 0 0],[1. 1. 1. 1. 1. 1. 1.],[1. 1. 1. 1. 1. 1. 1.]
601,Egreedy,1,601,4.75/4.5,0.008048057556152344,38.39155054092407,None,1,[0 0 0 0 1 0 2 0 0 0 0 0 0 0 0 0 0 0 1 1 1 1 2 0 0 0 0],[1. 1. 1. 1. 1. 1. 1.],[1. 1. 1. 1. 1. 1. 1.]
602,Egreedy,1,602,3.75/3.5,0.015325307846069336,38.40687584877014,None,2,[0 0 0 0 1 0 2 0 0 0 0 0 0 0 0 0 0 0 1 1 1 1 0 0 0 0 0],[1. 1. 1. 1. 1. 1. 1.],[1. 1. 1. 1. 1. 1. 1.]
603,Egreedy,1,603,4.75/4.5,0.04431486129760742,38.45119071006775,None,6,[0 0 0 0 0 0 2 0 0 0 0 0 2 0 0 0 0 0 1 0 1 1 0 1 0 0 1],[1. 1. 1. 1. 1. 1. 1.],[1. 1. 1. 1. 1. 1. 1.]
604,Egreedy,1,604,2.25/4.5,0.039110660552978516,38.49030137062073,None,16,[1 2 0 0 0 0 2 0 0 0 0 0 0 0 0 0 0 0 0 0 0 0 2 0 0 0 0],[1. 1. 1. 1. 1. 1. 1.],[1. 1. 1. 1. 1. 1. 1.]
605,Egreedy,1,605,5.5/5.25,0.09150409698486328,38.58180546760559,None,24,[0 0 0 0 0 0 2 0 0 0 0 0 2 0 0 0 0 2 0 0 0 0 0 1 1 1 1],[1. 1. 1. 1. 1. 1. 1.],[1. 1. 1. 1. 1. 1. 1.]
606,Egreedy,1,606,4.75/4.5,0.008034944534301758,38.58984041213989,None,1,[0 0 0 0 0 0 2 0 0 0 0 0 0 1 0 0 0 2 0 0 0 0 0 1 1 1 1],[1. 1. 1. 1. 1. 1. 1.],[1. 1. 1. 1. 1. 1. 1.]
607,Egreedy,1,607,5.5/5.25,0.027065515518188477,38.61690592765808,None,16,[0 0 1 1 1 1 2 0 0 0 0 0 2 0 0 0 0 2 0 0 0 0 0 0 0 0 0],[1. 1. 1. 1. 1. 1. 1.],[1. 1. 1. 1. 1. 1. 1.]
608,Egreedy,1,608,5.75/5.0,0.015299558639526367,38.63220548629761,None,2,[0 0 1 1 1 1 2 0 0 0 0 0 0 0 0 1 0 2 0 0 0 0 2 0 0 0 0],[1. 1. 1. 1. 1. 1. 1.],[1. 1. 1. 1. 1. 1. 1.]
609,Egreedy,1,609,4.25/4.5,0.03488755226135254,38.66709303855896,None,18,[1 0 0 0 0 0 2 0 0 0 0 0 2 0 0 0 0 2 0 0 0 0 0 0 0 0 0],[1. 1. 1. 1. 1. 1. 1.],[1. 1. 1. 1. 1. 1. 1.]
610,Egreedy,1,610,3.25/3.5,0.007157564163208008,38.67425060272217,None,1,[1 0 0 0 0 0 2 0 0 0 0 0 0 0 0 0 0 2 0 0 0 0 0 0 0 0 0],[1. 1. 1. 1. 1. 1. 1.],[1. 1. 1. 1. 1. 1. 1.]
611,Egreedy,1,611,5.5/2.75,0.10442233085632324,38.77867293357849,None,28,[0 0 0 0 0 0 2 0 0 0 0 2 0 1 1 1 1 2 0 0 0 0 0 0 0 0 0],[1. 1. 1. 1. 1. 1. 1.],[1. 1. 1. 1. 1. 1. 1.]
612,Egreedy,1,612,4.75/2.0,0.037273406982421875,38.81594634056091,None,5,[0 0 0 0 1 0 0 0 0 0 0 2 0 1 1 1 1 2 0 0 0 0 0 0 0 0 0],[1. 1. 1. 1. 1. 1. 1.],[1. 1. 1. 1. 1. 1. 1.]
613,Egreedy,1,613,4.5/1.75,0.007443904876708984,38.82339024543762,None,1,[0 0 0 0 1 0 0 0 0 0 0 2 0 1 0 1 1 2 0 0 0 0 0 0 0 0 0],[1. 1. 1. 1. 1. 1. 1.],[1. 1. 1. 1. 1. 1. 1.]
614,Egreedy,1,614,4.75/2.5,0.06683611869812012,38.89022636413574,None,9,[1 0 1 0 1 0 0 0 0 0 0 2 0 0 1 1 1 2 0 0 0 0 0 0 1 0 0],[1. 1. 1. 1. 1. 1. 1.],[1. 1. 1. 1. 1. 1. 1.]
615,Egreedy,1,615,5.5/3.25,0.02983999252319336,38.920066356658936,None,19,[0 0 0 0 0 0 2 0 0 0 0 2 0 0 0 0 0 2 0 0 0 0 0 1 1 1 1],[1. 1. 1. 1. 1. 1. 1.],[1. 1. 1. 1. 1. 1. 1.]
616,Egreedy,1,616,4.75/2.5,0.008072614669799805,38.928138971328735,None,1,[0 0 0 0 0 0 0 1 0 0 0 2 0 0 0 0 0 2 0 0 0 0 0 1 1 1 1],[1. 1. 1. 1. 1. 1. 1.],[1. 1. 1. 1. 1. 1. 1.]
617,Egreedy,1,617,4.5/2.25,0.023072004318237305,38.95121097564697,None,3,[0 0 0 0 0 0 0 1 0 0 0 2 0 0 0 0 0 2 0 0 0 0 0 1 1 0 1],[1. 1. 1. 1. 1. 1. 1.],[1. 1. 1. 1. 1. 1. 1.]
618,Egreedy,1,618,4.0/3.75,0.029895544052124023,38.9811065196991,None,4,[0 0 0 0 0 0 0 1 0 1 0 0 0 0 1 0 0 2 0 0 0 0 0 1 1 0 1],[1. 1. 1. 1. 1. 1. 1.],[1. 1. 1. 1. 1. 1. 1.]
619,Egreedy,1,619,4.25/4.0,0.007920026779174805,38.98902654647827,None,1,[0 0 0 0 0 0 0 1 0 1 0 0 0 0 1 0 0 2 0 0 0 0 2 0 0 0 0],[1. 1. 1. 1. 1. 1. 1.],[1. 1. 1. 1. 1. 1. 1.]
620,Egreedy,1,620,5.5/3.25,0.06113243103027344,39.050158977508545,None,24,[0 0 1 1 1 1 2 0 0 0 0 2 0 0 0 0 0 2 0 0 0 0 0 0 0 0 0],[1. 1. 1. 1. 1. 1. 1.],[1. 1. 1. 1. 1. 1. 1.]
621,Egreedy,1,621,4.5/4.25,0.0073435306549072266,39.05750250816345,None,1,[0 0 1 1 1 1 2 0 0 0 0 0 0 0 0 0 0 2 0 0 0 0 0 0 0 0 0],[1. 1. 1. 1. 1. 1. 1.],[1. 1. 1. 1. 1. 1. 1.]
622,Egreedy,1,622,5.5/4.75,0.040784358978271484,39.098286867141724,None,23,[0 0 0 0 0 0 2 0 0 0 0 0 0 1 1 1 1 2 0 0 0 0 2 0 0 0 0],[1. 1. 1. 1. 1. 1. 1.],[1. 1. 1. 1. 1. 1. 1.]
623,Egreedy,1,623,4.5/3.75,0.00734400749206543,39.10563087463379,None,1,[0 0 0 0 0 0 0 0 0 0 0 0 0 1 1 1 1 2 0 0 0 0 2 0 0 0 0],[1. 1. 1. 1. 1. 1. 1.],[1. 1. 1. 1. 1. 1. 1.]
624,Egreedy,1,624,3.75/3.0,0.007947921752929688,39.11357879638672,None,1,[0 0 0 0 0 0 0 0 0 0 0 0 0 1 1 1 1 2 0 0 0 0 0 0 0 1 0],[1. 1. 1. 1. 1. 1. 1.],[1. 1. 1. 1. 1. 1. 1.]
625,Egreedy,1,625,3.75/3.0,0.05169868469238281,39.1652774810791,None,7,[0 0 0 0 1 0 0 0 0 0 0 0 0 1 1 1 0 2 0 0 0 0 0 0 0 1 0],[1. 1. 1. 1. 1. 1. 1.],[1. 1. 1. 1. 1. 1. 1.]
626,Egreedy,1,626,3.5/2.75,0.0072784423828125,39.172555923461914,None,1,[0 0 0 0 0 0 0 0 0 0 0 0 0 1 1 1 0 2 0 0 0 0 0 0 0 1 0],[1. 1. 1. 1. 1. 1. 1.],[1. 1. 1. 1. 1. 1. 1.]
627,Egreedy,1,627,3.25/2.5,0.007170915603637695,39.17972683906555,None,1,[0 0 0 0 0 0 0 0 0 0 0 0 0 0 1 1 0 2 0 0 0 0 0 0 0 1 0],[1. 1. 1. 1. 1. 1. 1.],[1. 1. 1. 1. 1. 1. 1.]
628,Egreedy,1,628,3.75/3.5,0.007624149322509766,39.18735098838806,None,1,[0 0 0 0 0 0 0 0 0 0 0 0 2 0 0 0 0 2 0 0 0 0 0 0 0 1 0],[1. 1. 1. 1. 1. 1. 1.],[1. 1. 1. 1. 1. 1. 1.]
629,Egreedy,1,629,5.5/3.25,0.03608894348144531,39.22343993186951,None,25,[0 0 0 0 0 0 2 0 0 0 0 2 2 0 0 0 0 0 1 1 1 1 0 0 0 0 0],[1. 1. 1. 1. 1. 1. 1.],[1. 1. 1. 1. 1. 1. 1.]
630,Egreedy,1,630,4.75/2.5,0.008033037185668945,39.231472969055176,None,1,[0 0 0 0 0 0 2 0 0 0 0 2 0 0 0 0 1 0 1 1 1 1 0 0 0 0 0],[1. 1. 1. 1. 1. 1. 1.],[1. 1. 1. 1. 1. 1. 1.]
631,Egreedy,1,631,4.5/2.25,0.007309913635253906,39.23878288269043,None,1,[0 0 0 0 0 0 2 0 0 0 0 2 0 0 0 0 1 0 1 0 1 1 0 0 0 0 0],[1. 1. 1. 1. 1. 1. 1.],[1. 1. 1. 1. 1. 1. 1.]
632,Egreedy,1,632,3.75/3.5,0.030370473861694336,39.269153356552124,None,4,[0 2 0 0 0 0 0 0 0 1 0 2 0 0 0 0 1 0 1 0 1 1 2 0 0 0 0],[1. 1. 1. 1. 1. 1. 1.],[1. 1. 1. 1. 1. 1. 1.]
633,Egreedy,1,633,5.5/3.25,0.07493162155151367,39.34408497810364,None,31,[0 0 0 0 0 0 2 0 0 0 0 2 2 0 0 0 0 0 0 0 0 0 0 1 1 1 1],[1. 1. 1. 1. 1. 1. 1.],[1. 1. 1. 1. 1. 1. 1.]
634,Egreedy,1,634,4.75/2.5,0.008002758026123047,39.35208773612976,None,1,[0 0 0 0 0 0 0 0 0 1 0 2 2 0 0 0 0 0 0 0 0 0 0 1 1 1 1],[1. 1. 1. 1. 1. 1. 1.],[1. 1. 1. 1. 1. 1. 1.]
635,Egreedy,1,635,5.5/3.25,0.03836846351623535,39.390456199645996,None,27,[0 0 1 1 1 1 2 0 0 0 0 2 2 0 0 0 0 0 0 0 0 0 0 0 0 0 0],[1. 1. 1. 1. 1. 1. 1.],[1. 1. 1. 1. 1. 1. 1.]
636,Egreedy,1,636,4.25/2.5,0.008120536804199219,39.398576736450195,None,1,[0 0 1 1 1 1 0 0 0 0 1 2 2 0 0 0 0 0 0 0 0 0 0 0 0 0 0],[1. 1. 1. 1. 1. 1. 1.],[1. 1. 1. 1. 1. 1. 1.]
637,Egreedy,1,637,4.25/2.5,0.014801979064941406,39.41337871551514,None,2,[0 0 1 1 1 0 0 0 1 0 1 2 2 0 0 0 0 0 0 0 0 0 0 0 0 0 0],[1. 1. 1. 1. 1. 1. 1.],[1. 1. 1. 1. 1. 1. 1.]
638,Egreedy,1,638,3.25/3.5,0.007335662841796875,39.420714378356934,None,1,[0 0 1 1 1 0 0 0 1 0 1 0 2 0 0 0 0 0 0 0 0 0 0 0 0 0 0],[1. 1. 1. 1. 1. 1. 1.],[1. 1. 1. 1. 1. 1. 1.]
639,Egreedy,1,639,4.25/2.5,0.03883957862854004,39.459553956985474,None,28,[1 0 0 0 0 0 2 0 0 0 0 2 2 0 0 0 0 0 0 0 0 0 0 0 0 0 0],[1. 1. 1. 1. 1. 1. 1.],[1. 1. 1. 1. 1. 1. 1.]
640,Egreedy,1,640,3.5/1.25,0.007896184921264648,39.46745014190674,None,1,[1 0 0 0 0 0 2 0 0 0 0 2 0 0 0 1 0 0 0 0 0 0 0 0 0 0 0],[1. 1. 1. 1. 1. 1. 1.],[1. 1. 1. 1. 1. 1. 1.]
641,Egreedy,1,641,5.5/5.25,0.15344619750976562,39.620896339416504,None,44,[0 0 0 0 0 0 2 0 0 0 0 0 2 0 0 0 0 0 1 1 1 1 2 0 0 0 0],[1. 1. 1. 1. 1. 1. 1.],[1. 1. 1. 1. 1. 1. 1.]
642,Egreedy,1,642,4.25/4.5,0.04189920425415039,39.662795543670654,None,31,[1 0 0 0 0 0 2 0 0 0 0 0 2 0 0 0 0 0 0 0 0 0 2 0 0 0 0],[1. 1. 1. 1. 1. 1. 1.],[1. 1. 1. 1. 1. 1. 1.]
643,Egreedy,1,643,3.25/3.5,0.007155179977416992,39.66995072364807,None,1,[1 0 0 0 0 0 2 0 0 0 0 0 0 0 0 0 0 0 0 0 0 0 2 0 0 0 0],[1. 1. 1. 1. 1. 1. 1.],[1. 1. 1. 1. 1. 1. 1.]
644,Egreedy,1,644,2.25/2.5,0.014713764190673828,39.684664487838745,None,2,[1 0 0 0 0 0 0 0 0 0 0 0 0 0 0 0 0 0 0 0 0 0 2 0 0 0 0],[1. 1. 1. 1. 1. 1. 1.],[1. 1. 1. 1. 1. 1. 1.]
645,Egreedy,1,645,5.5/3.25,0.05058002471923828,39.73524451255798,None,33,[0 0 0 0 0 0 2 0 0 0 0 2 0 0 0 0 0 0 1 1 1 1 2 0 0 0 0],[1. 1. 1. 1. 1. 1. 1.],[1. 1. 1. 1. 1. 1. 1.]
646,Egreedy,1,646,5.5/2.75,0.04457712173461914,39.7798216342926,None,33,[0 0 0 0 0 0 2 0 0 0 0 2 0 1 1 1 1 0 0 0 0 0 2 0 0 0 0],[1. 1. 1. 1. 1. 1. 1.],[1. 1. 1. 1. 1. 1. 1.]
647,Egreedy,1,647,5.5/3.25,0.07642006874084473,39.85624170303345,None,38,[0 0 1 1 1 1 2 0 0 0 0 2 0 0 0 0 0 0 0 0 0 0 2 0 0 0 0],[1. 1. 1. 1. 1. 1. 1.],[1. 1. 1. 1. 1. 1. 1.]
648,Egreedy,1,648,4.75/2.5,0.008132219314575195,39.86437392234802,None,1,[0 0 1 1 1 1 0 0 0 1 0 2 0 0 0 0 0 0 0 0 0 0 2 0 0 0 0],[1. 1. 1. 1. 1. 1. 1.],[1. 1. 1. 1. 1. 1. 1.]
649,Egreedy,1,649,4.25/2.5,0.014672279357910156,39.87904620170593,None,2,[0 0 1 1 1 0 0 0 0 1 1 2 0 0 0 0 0 0 0 0 0 0 2 0 0 0 0],[1. 1. 1. 1. 1. 1. 1.],[1. 1. 1. 1. 1. 1. 1.]
650,Egreedy,1,650,3.0/5.25,0.30864810943603516,40.18769431114197,None,71,[0 2 0 0 0 0 0 1 1 1 1 0 2 0 0 0 0 2 0 0 0 0 0 0 0 0 0],[1. 1. 1. 1. 1. 1. 1.],[1. 1. 1. 1. 1. 1. 1.]
651,Egreedy,1,651,2.25/4.5,0.008139371871948242,40.195833683013916,None,1,[0 2 0 0 0 0 0 1 1 1 1 0 2 0 0 0 0 0 0 0 1 0 0 0 0 0 0],[1. 1. 1. 1. 1. 1. 1.],[1. 1. 1. 1. 1. 1. 1.]
652,Egreedy,1,652,2.25/4.5,0.03880929946899414,40.23464298248291,None,5,[0 2 0 0 0 0 0 0 1 1 1 0 2 0 0 0 0 0 0 1 1 0 0 0 0 0 0],[1. 1. 1. 1. 1. 1. 1.],[1. 1. 1. 1. 1. 1. 1.]
653,Egreedy,1,653,2.25/4.5,0.014690399169921875,40.24933338165283,None,2,[0 2 0 0 0 0 0 0 0 1 1 0 2 0 0 0 0 0 0 1 1 0 0 1 0 0 0],[1. 1. 1. 1. 1. 1. 1.],[1. 1. 1. 1. 1. 1. 1.]
654,Egreedy,1,654,2.25/4.5,0.057565927505493164,40.306899309158325,None,39,[1 2 0 0 0 0 0 0 0 0 0 0 2 0 0 0 0 2 0 0 0 0 0 0 0 0 0],[1. 1. 1. 1. 1. 1. 1.],[1. 1. 1. 1. 1. 1. 1.]
655,Egreedy,1,655,3.5/3.75,0.0077898502349853516,40.31468915939331,None,1,[1 0 1 0 0 0 0 0 0 0 0 0 2 0 0 0 0 2 0 0 0 0 0 0 0 0 0],[1. 1. 1. 1. 1. 1. 1.],[1. 1. 1. 1. 1. 1. 1.]
656,Egreedy,1,656,3.25/3.5,0.007172346115112305,40.32186150550842,None,1,[1 0 0 0 0 0 0 0 0 0 0 0 2 0 0 0 0 2 0 0 0 0 0 0 0 0 0],[1. 1. 1. 1. 1. 1. 1.],[1. 1. 1. 1. 1. 1. 1.]
657,Egreedy,1,657,3.25/3.0,0.08276581764221191,40.404627323150635,None,11,[0 0 0 0 0 0 0 0 0 1 0 0 0 0 0 0 0 2 0 0 0 0 0 0 1 1 0],[1. 1. 1. 1. 1. 1. 1.],[1. 1. 1. 1. 1. 1. 1.]
658,Egreedy,1,658,3.0/2.75,0.007215738296508789,40.411843061447144,None,1,[0 0 0 0 0 0 0 0 0 1 0 0 0 0 0 0 0 2 0 0 0 0 0 0 1 0 0],[1. 1. 1. 1. 1. 1. 1.],[1. 1. 1. 1. 1. 1. 1.]
659,Egreedy,1,659,3.0/2.75,0.014891386032104492,40.42673444747925,None,2,[0 0 1 0 0 0 0 0 0 1 0 0 0 0 0 0 0 0 0 0 0 0 2 0 0 0 0],[1. 1. 1. 1. 1. 1. 1.],[1. 1. 1. 1. 1. 1. 1.]
660,Egreedy,1,660,3.5/3.75,0.04526400566101074,40.47199845314026,None,6,[0 0 1 0 0 0 0 0 0 0 1 0 0 0 0 0 0 2 0 0 0 0 2 0 0 0 0],[1. 1. 1. 1. 1. 1. 1.],[1. 1. 1. 1. 1. 1. 1.]
661,Egreedy,1,661,3.5/2.75,0.11193346977233887,40.5839319229126,None,47,[0 2 0 0 0 0 0 0 0 0 0 2 0 1 1 1 1 2 0 0 0 0 0 0 0 0 0],[1. 1. 1. 1. 1. 1. 1.],[1. 1. 1. 1. 1. 1. 1.]
662,Egreedy,1,662,2.25/4.0,0.029413938522338867,40.61334586143494,None,4,[0 2 0 0 0 0 0 0 0 0 1 0 0 1 1 1 1 2 0 0 0 0 0 0 0 0 0],[1. 1. 1. 1. 1. 1. 1.],[1. 1. 1. 1. 1. 1. 1.]
663,Egreedy,1,663,3.5/3.25,0.06002354621887207,40.67336940765381,None,41,[0 2 0 0 0 0 0 0 0 0 0 2 0 0 0 0 0 2 0 0 0 0 0 1 1 1 1],[1. 1. 1. 1. 1. 1. 1.],[1. 1. 1. 1. 1. 1. 1.]
664,Egreedy,1,664,3.0/3.25,0.05324292182922363,40.72661232948303,None,41,[0 2 0 0 0 0 0 1 1 1 1 2 0 0 0 0 0 2 0 0 0 0 0 0 0 0 0],[1. 1. 1. 1. 1. 1. 1.],[1. 1. 1. 1. 1. 1. 1.]
665,Egreedy,1,665,2.25/2.5,0.008099555969238281,40.73471188545227,None,1,[0 2 0 0 0 0 0 1 1 1 1 2 0 0 0 0 0 0 0 1 0 0 0 0 0 0 0],[1. 1. 1. 1. 1. 1. 1.],[1. 1. 1. 1. 1. 1. 1.]
666,Egreedy,1,666,2.75/2.5,0.014854907989501953,40.74956679344177,None,2,[0 2 0 0 0 0 0 1 1 1 0 2 0 0 1 0 0 0 0 1 0 0 0 0 0 0 0],[1. 1. 1. 1. 1. 1. 1.],[1. 1. 1. 1. 1. 1. 1.]
667,Egreedy,1,667,2.25/2.5,0.05361366271972656,40.8031804561615,None,42,[1 2 0 0 0 0 0 0 0 0 0 2 0 0 0 0 0 2 0 0 0 0 0 0 0 0 0],[1. 1. 1. 1. 1. 1. 1.],[1. 1. 1. 1. 1. 1. 1.]
668,Egreedy,1,668,1.5/1.75,0.007832050323486328,40.811012506484985,None,1,[1 2 0 0 0 0 0 0 0 0 0 2 0 0 0 0 0 0 0 1 0 0 0 0 0 0 0],[1. 1. 1. 1. 1. 1. 1.],[1. 1. 1. 1. 1. 1. 1.]
669,Egreedy,1,669,3.0/5.25,0.09415698051452637,40.90516948699951,None,49,[0 2 0 0 0 0 0 1 1 1 1 0 0 0 0 0 0 2 0 0 0 0 2 0 0 0 0],[1. 1. 1. 1. 1. 1. 1.],[1. 1. 1. 1. 1. 1. 1.]
670,Egreedy,1,670,4.25/4.5,0.008082151412963867,40.913251638412476,None,1,[0 0 0 0 1 0 0 1 1 1 1 0 0 0 0 0 0 2 0 0 0 0 2 0 0 0 0],[1. 1. 1. 1. 1. 1. 1.],[1. 1. 1. 1. 1. 1. 1.]
671,Egreedy,1,671,3.25/3.5,0.015424728393554688,40.92867636680603,None,2,[0 0 0 0 1 0 0 1 1 1 1 0 0 0 0 0 0 0 0 0 0 0 2 0 0 0 0],[1. 1. 1. 1. 1. 1. 1.],[1. 1. 1. 1. 1. 1. 1.]
672,Egreedy,1,672,3.5/3.25,0.007267951965332031,40.93594431877136,None,1,[0 0 0 0 1 0 0 1 1 1 0 0 0 0 0 0 0 0 0 0 0 0 2 0 0 0 0],[1. 1. 1. 1. 1. 1. 1.],[1. 1. 1. 1. 1. 1. 1.]
673,Egreedy,1,673,3.5/3.25,0.08095765113830566,41.01690196990967,None,49,[0 2 0 0 0 0 0 0 0 0 0 2 2 0 0 0 0 0 1 1 1 1 0 0 0 0 0],[1. 1. 1. 1. 1. 1. 1.],[1. 1. 1. 1. 1. 1. 1.]
674,Egreedy,1,674,4.75/2.5,0.008183956146240234,41.02508592605591,None,1,[0 0 0 0 0 1 0 0 0 0 0 2 2 0 0 0 0 0 1 1 1 1 0 0 0 0 0],[1. 1. 1. 1. 1. 1. 1.],[1. 1. 1. 1. 1. 1. 1.]
675,Egreedy,1,675,4.75/3.0,0.02962779998779297,41.0547137260437,None,4,[1 0 1 0 0 1 0 0 0 0 0 2 2 0 0 0 0 0 0 1 1 1 0 0 0 1 0],[1. 1. 1. 1. 1. 1. 1.],[1. 1. 1. 1. 1. 1. 1.]
676,Egreedy,1,676,4.5/2.75,0.0074615478515625,41.062175273895264,None,1,[1 0 1 0 0 0 0 0 0 0 0 2 2 0 0 0 0 0 0 1 1 1 0 0 0 1 0],[1. 1. 1. 1. 1. 1. 1.],[1. 1. 1. 1. 1. 1. 1.]
677,Egreedy,1,677,4.25/2.5,0.007393836975097656,41.06956911087036,None,1,[1 0 1 0 0 0 0 0 0 0 0 2 2 0 0 0 0 0 0 0 1 1 0 0 0 1 0],[1. 1. 1. 1. 1. 1. 1.],[1. 1. 1. 1. 1. 1. 1.]
678,Egreedy,1,678,3.25/3.5,0.031014442443847656,41.10058355331421,None,4,[1 2 0 0 0 0 0 0 0 0 0 2 2 0 0 0 0 0 0 0 1 1 0 1 0 1 0],[1. 1. 1. 1. 1. 1. 1.],[1. 1. 1. 1. 1. 1. 1.]
679,Egreedy,1,679,3.0/3.25,0.007450103759765625,41.108033657073975,None,1,[1 2 0 0 0 0 0 0 0 0 0 2 2 0 0 0 0 0 0 0 1 0 0 1 0 1 0],[1. 1. 1. 1. 1. 1. 1.],[1. 1. 1. 1. 1. 1. 1.]
680,Egreedy,1,680,3.75/2.5,0.03879690170288086,41.146830558776855,None,5,[1 0 0 0 0 0 0 0 0 0 1 2 2 0 0 0 0 0 0 0 1 0 0 1 0 1 0],[1. 1. 1. 1. 1. 1. 1.],[1. 1. 1. 1. 1. 1. 1.]
681,Egreedy,1,681,3.5/3.25,0.07462286949157715,41.22145342826843,None,49,[0 2 0 0 0 0 0 0 0 0 0 2 2 0 0 0 0 0 0 0 0 0 0 1 1 1 1],[1. 1. 1. 1. 1. 1. 1.],[1. 1. 1. 1. 1. 1. 1.]
682,Egreedy,1,682,3.25/3.0,0.00738525390625,41.22883868217468,None,1,[0 2 0 0 0 0 0 0 0 0 0 2 2 0 0 0 0 0 0 0 0 0 0 1 1 0 1],[1. 1. 1. 1. 1. 1. 1.],[1. 1. 1. 1. 1. 1. 1.]
683,Egreedy,1,683,2.25/2.0,0.007341861724853516,41.236180543899536,None,1,[0 2 0 0 0 0 0 0 0 0 0 2 0 0 0 0 0 0 0 0 0 0 0 1 1 0 1],[1. 1. 1. 1. 1. 1. 1.],[1. 1. 1. 1. 1. 1. 1.]
684,Egreedy,1,684,3.0/3.25,0.061447858810424805,41.29762840270996,None,48,[0 2 0 0 0 0 0 1 1 1 1 2 2 0 0 0 0 0 0 0 0 0 0 0 0 0 0],[1. 1. 1. 1. 1. 1. 1.],[1. 1. 1. 1. 1. 1. 1.]
685,Egreedy,1,685,2.25/2.5,0.09944963455200195,41.39707803726196,None,54,[1 2 0 0 0 0 0 0 0 0 0 2 2 0 0 0 0 0 0 0 0 0 0 0 0 0 0],[1. 1. 1. 1. 1. 1. 1.],[1. 1. 1. 1. 1. 1. 1.]
686,Egreedy,1,686,1.5/1.75,0.007848262786865234,41.40492630004883,None,1,[1 2 0 0 0 0 0 0 0 0 0 2 0 0 0 0 1 0 0 0 0 0 0 0 0 0 0],[1. 1. 1. 1. 1. 1. 1.],[1. 1. 1. 1. 1. 1. 1.]
687,Egreedy,1,687,3.5/5.25,0.12362122535705566,41.528547525405884,None,58,[0 2 0 0 0 0 0 0 0 0 0 0 2 0 0 0 0 0 1 1 1 1 2 0 0 0 0],[1. 1. 1. 1. 1. 1. 1.],[1. 1. 1. 1. 1. 1. 1.]
688,Egreedy,1,688,3.5/3.25,0.022746562957763672,41.55129408836365,None,3,[0 0 0 0 0 0 0 0 0 0 0 0 2 0 0 0 0 0 1 1 0 1 0 0 1 0 0],[1. 1. 1. 1. 1. 1. 1.],[1. 1. 1. 1. 1. 1. 1.]
689,Egreedy,1,689,3.5/3.25,0.09589171409606934,41.64718580245972,None,57,[0 2 0 0 0 0 0 0 0 0 0 2 0 0 0 0 0 0 1 1 1 1 2 0 0 0 0],[1. 1. 1. 1. 1. 1. 1.],[1. 1. 1. 1. 1. 1. 1.]
690,Egreedy,1,690,2.75/2.5,0.014841794967651367,41.66202759742737,None,2,[0 2 0 0 0 0 0 0 0 0 0 2 0 0 1 0 0 0 1 1 1 1 0 0 0 0 0],[1. 1. 1. 1. 1. 1. 1.],[1. 1. 1. 1. 1. 1. 1.]
691,Egreedy,1,691,3.75/1.5,0.007395505905151367,41.66942310333252,None,1,[0 0 0 0 0 0 0 0 0 0 0 2 0 0 1 0 0 0 1 1 1 1 0 0 0 0 0],[1. 1. 1. 1. 1. 1. 1.],[1. 1. 1. 1. 1. 1. 1.]
692,Egreedy,1,692,3.5/1.25,0.007303714752197266,41.67672681808472,None,1,[0 0 0 0 0 0 0 0 0 0 0 2 0 0 1 0 0 0 1 1 0 1 0 0 0 0 0],[1. 1. 1. 1. 1. 1. 1.],[1. 1. 1. 1. 1. 1. 1.]
693,Egreedy,1,693,1.5/3.25,0.022559165954589844,41.69928598403931,None,3,[0 2 0 0 0 0 0 0 0 0 0 0 0 0 1 0 0 0 1 1 0 1 0 0 0 0 0],[1. 1. 1. 1. 1. 1. 1.],[1. 1. 1. 1. 1. 1. 1.]
694,Egreedy,1,694,1.25/3.0,0.007283687591552734,41.70656967163086,None,1,[0 2 0 0 0 0 0 0 0 0 0 0 0 0 0 0 0 0 1 1 0 1 0 0 0 0 0],[1. 1. 1. 1. 1. 1. 1.],[1. 1. 1. 1. 1. 1. 1.]
695,Egreedy,1,695,1.25/3.0,0.014513969421386719,41.721083641052246,None,2,[0 2 0 0 0 0 0 0 0 1 0 0 0 0 0 0 0 0 1 0 0 1 0 0 0 0 0],[1. 1. 1. 1. 1. 1. 1.],[1. 1. 1. 1. 1. 1. 1.]
696,Egreedy,1,696,3.0/3.25,0.09821605682373047,41.81929969787598,None,59,[0 2 0 0 0 0 0 1 1 1 1 2 0 0 0 0 0 0 0 0 0 0 2 0 0 0 0],[1. 1. 1. 1. 1. 1. 1.],[1. 1. 1. 1. 1. 1. 1.]
697,Egreedy,1,697,2.25/2.5,0.014937639236450195,41.83423733711243,None,2,[0 2 0 0 0 0 0 1 1 1 1 2 0 0 0 0 0 0 0 0 0 1 0 0 0 0 0],[1. 1. 1. 1. 1. 1. 1.],[1. 1. 1. 1. 1. 1. 1.]
698,Egreedy,1,698,5.5/3.25,0.14016199111938477,41.97439932823181,None,67,[0 0 1 1 1 1 0 0 0 0 0 2 2 0 0 0 0 2 0 0 0 0 0 0 0 0 0],[1. 1. 1. 1. 1. 1. 1.],[1. 1. 1. 1. 1. 1. 1.]
699,Egreedy,1,699,5.25/3.0,0.007504940032958984,41.98190426826477,None,1,[0 0 1 1 0 1 0 0 0 0 0 2 2 0 0 0 0 2 0 0 0 0 0 0 0 0 0],[1. 1. 1. 1. 1. 1. 1.],[1. 1. 1. 1. 1. 1. 1.]
700,Egreedy,1,700,5.25/3.5,0.08351516723632812,42.0654194355011,None,11,[0 0 1 0 1 1 0 0 0 0 1 2 2 0 0 0 0 2 0 0 0 0 0 0 0 0 1],[1. 1. 1. 1. 1. 1. 1.],[1. 1. 1. 1. 1. 1. 1.]
701,Egreedy,1,701,5.0/3.25,0.007451295852661133,42.07287073135376,None,1,[0 0 0 0 1 1 0 0 0 0 1 2 2 0 0 0 0 2 0 0 0 0 0 0 0 0 1],[1. 1. 1. 1. 1. 1. 1.],[1. 1. 1. 1. 1. 1. 1.]
702,Egreedy,1,702,4.75/3.0,0.015332937240600586,42.08820366859436,None,2,[0 0 0 0 1 0 0 0 0 0 1 2 2 0 0 0 0 2 0 0 0 0 0 0 0 0 1],[1. 1. 1. 1. 1. 1. 1.],[1. 1. 1. 1. 1. 1. 1.]
703,Egreedy,1,703,4.25/4.5,0.08446168899536133,42.17266535758972,None,11,[0 0 0 1 1 0 0 0 0 1 1 0 2 0 0 0 0 2 0 0 0 0 0 0 0 0 1],[1. 1. 1. 1. 1. 1. 1.],[1. 1. 1. 1. 1. 1. 1.]
704,Egreedy,1,704,5.5/3.25,0.09453177452087402,42.267197132110596,None,67,[0 0 1 1 1 1 0 0 0 0 0 2 0 0 0 0 0 2 0 0 0 0 2 0 0 0 0],[1. 1. 1. 1. 1. 1. 1.],[1. 1. 1. 1. 1. 1. 1.]
705,Egreedy,1,705,5.0/3.25,0.08115053176879883,42.348347663879395,None,66,[0 0 0 0 0 0 0 1 1 1 1 2 0 0 0 0 0 2 0 0 0 0 2 0 0 0 0],[1. 1. 1. 1. 1. 1. 1.],[1. 1. 1. 1. 1. 1. 1.]
706,Egreedy,1,706,5.5/3.25,0.08328104019165039,42.431628704071045,None,68,[0 0 0 0 0 0 0 0 0 0 0 2 2 0 0 0 0 0 1 1 1 1 2 0 0 0 0],[1. 1. 1. 1. 1. 1. 1.],[1. 1. 1. 1. 1. 1. 1.]
707,Egreedy,1,707,4.75/2.5,0.008158445358276367,42.43978714942932,None,1,[0 0 0 0 0 0 0 0 0 0 0 2 0 0 0 0 1 0 1 1 1 1 2 0 0 0 0],[1. 1. 1. 1. 1. 1. 1.],[1. 1. 1. 1. 1. 1. 1.]
708,Egreedy,1,708,4.5/2.25,0.007390499114990234,42.44717764854431,None,1,[0 0 0 0 0 0 0 0 0 0 0 2 0 0 0 0 1 0 1 1 1 0 2 0 0 0 0],[1. 1. 1. 1. 1. 1. 1.],[1. 1. 1. 1. 1. 1. 1.]
709,Egreedy,1,709,4.25/2.5,0.0304107666015625,42.477588415145874,None,4,[0 0 0 0 0 0 0 0 0 0 1 2 0 1 0 0 1 0 1 1 0 0 2 0 0 0 0],[1. 1. 1. 1. 1. 1. 1.],[1. 1. 1. 1. 1. 1. 1.]
710,Egreedy,1,710,4.0/2.25,0.007378578186035156,42.48496699333191,None,1,[0 0 0 0 0 0 0 0 0 0 1 2 0 1 0 0 1 0 0 1 0 0 2 0 0 0 0],[1. 1. 1. 1. 1. 1. 1.],[1. 1. 1. 1. 1. 1. 1.]
711,Egreedy,1,711,4.5/3.75,33.88663148880005,76.37159848213196,None,27193,[0 0 0 0 0 0 2 0 0 0 0 0 0 1 1 1 1 0 1 1 1 1 0 0 0 0 0],[1. 1. 1. 1. 1. 1. 1.],[1. 1. 1. 1. 1. 1. 1.]
712,Egreedy,1,712,4.25/3.5,0.01564192771911621,76.38724040985107,None,2,[0 0 0 0 0 0 2 0 0 0 0 0 0 1 0 1 1 0 1 1 1 1 0 0 0 0 0],[1. 1. 1. 1. 1. 1. 1.],[1. 1. 1. 1. 1. 1. 1.]
713,Egreedy,1,713,4.5/4.25,0.02185797691345215,76.40909838676453,None,4,[0 0 0 0 0 0 2 0 0 0 0 0 0 0 0 0 0 0 1 1 1 1 0 1 1 1 1],[1. 1. 1. 1. 1. 1. 1.],[1. 1. 1. 1. 1. 1. 1.]
714,Egreedy,1,714,3.25/3.5,0.016357421875,76.42545580863953,None,5,[1 0 0 0 0 0 2 0 0 0 0 0 0 0 0 0 0 0 1 1 1 1 0 0 0 0 0],[1. 1. 1. 1. 1. 1. 1.],[1. 1. 1. 1. 1. 1. 1.]
715,Egreedy,1,715,3.25/3.0,0.030573129653930664,76.45602893829346,None,4,[1 0 0 0 0 0 2 0 0 0 0 0 0 0 0 1 0 0 1 0 1 1 0 0 0 0 0],[1. 1. 1. 1. 1. 1. 1.],[1. 1. 1. 1. 1. 1. 1.]
716,Egreedy,1,716,4.5/3.75,0.03258466720581055,76.48861360549927,None,8,[0 0 0 0 0 0 2 0 0 0 0 0 0 1 1 1 1 0 0 0 0 0 0 1 1 1 1],[1. 1. 1. 1. 1. 1. 1.],[1. 1. 1. 1. 1. 1. 1.]
717,Egreedy,1,717,4.5/3.75,0.03159499168395996,76.52020859718323,None,4,[0 0 0 0 0 0 2 0 0 0 0 0 0 1 1 1 1 0 0 1 0 0 0 1 1 0 1],[1. 1. 1. 1. 1. 1. 1.],[1. 1. 1. 1. 1. 1. 1.]
718,Egreedy,1,718,5.0/4.75,0.023235321044921875,76.54344391822815,None,3,[0 0 0 0 0 0 2 0 0 0 0 0 2 0 0 0 0 0 0 1 0 1 0 1 1 1 1],[1. 1. 1. 1. 1. 1. 1.],[1. 1. 1. 1. 1. 1. 1.]
719,Egreedy,1,719,5.5/5.25,0.04715418815612793,76.59059810638428,None,6,[0 0 1 0 1 0 2 0 0 0 0 0 2 0 0 0 0 0 0 1 0 1 2 0 0 0 0],[1. 1. 1. 1. 1. 1. 1.],[1. 1. 1. 1. 1. 1. 1.]
720,Egreedy,1,720,4.5/3.75,0.019211769104003906,76.60980987548828,None,7,[0 0 1 1 1 1 2 0 0 0 0 0 0 1 1 1 1 0 0 0 0 0 0 0 0 0 0],[1. 1. 1. 1. 1. 1. 1.],[1. 1. 1. 1. 1. 1. 1.]
721,Egreedy,1,721,4.25/3.5,0.007379055023193359,76.61718893051147,None,1,[0 0 1 1 1 1 2 0 0 0 0 0 0 1 1 1 0 0 0 0 0 0 0 0 0 0 0],[1. 1. 1. 1. 1. 1. 1.],[1. 1. 1. 1. 1. 1. 1.]
722,Egreedy,1,722,4.0/3.25,0.007381916046142578,76.62457084655762,None,1,[0 0 0 1 1 1 2 0 0 0 0 0 0 1 1 1 0 0 0 0 0 0 0 0 0 0 0],[1. 1. 1. 1. 1. 1. 1.],[1. 1. 1. 1. 1. 1. 1.]
723,Egreedy,1,723,4.0/3.25,0.014719486236572266,76.63929033279419,None,2,[0 0 0 1 1 0 2 0 0 0 0 0 0 1 1 1 0 0 0 0 0 0 0 0 0 1 0],[1. 1. 1. 1. 1. 1. 1.],[1. 1. 1. 1. 1. 1. 1.]
724,Egreedy,1,724,4.25/4.0,0.007861614227294922,76.64715194702148,None,1,[0 0 0 1 1 0 2 0 0 0 0 0 2 0 0 0 0 0 0 0 0 0 0 0 0 1 0],[1. 1. 1. 1. 1. 1. 1.],[1. 1. 1. 1. 1. 1. 1.]
725,Egreedy,1,725,5.25/3.0,0.060959815979003906,76.70811176300049,None,8,[0 0 0 1 1 0 2 0 0 0 0 2 2 0 0 0 0 0 1 0 0 0 0 0 0 0 0],[1. 1. 1. 1. 1. 1. 1.],[1. 1. 1. 1. 1. 1. 1.]
726,Egreedy,1,726,3.25/3.0,0.01989269256591797,76.7280044555664,None,8,[1 0 0 0 0 0 2 0 0 0 0 0 0 1 1 1 1 0 0 0 0 0 0 0 0 0 0],[1. 1. 1. 1. 1. 1. 1.],[1. 1. 1. 1. 1. 1. 1.]
727,Egreedy,1,727,3.0/2.75,0.007298946380615234,76.73530340194702,None,1,[1 0 0 0 0 0 2 0 0 0 0 0 0 1 1 1 0 0 0 0 0 0 0 0 0 0 0],[1. 1. 1. 1. 1. 1. 1.],[1. 1. 1. 1. 1. 1. 1.]
728,Egreedy,1,728,3.25/3.5,0.06063556671142578,76.79593896865845,None,16,[1 0 1 1 1 1 2 0 0 0 0 0 0 0 0 0 0 0 0 0 0 0 0 0 0 0 0],[1. 1. 1. 1. 1. 1. 1.],[1. 1. 1. 1. 1. 1. 1.]
729,Egreedy,1,729,4.5/4.25,0.037322044372558594,76.833261013031,None,5,[0 0 1 0 1 1 2 0 0 0 0 0 0 0 0 0 1 0 0 0 0 0 2 0 0 0 0],[1. 1. 1. 1. 1. 1. 1.],[1. 1. 1. 1. 1. 1. 1.]
730,Egreedy,1,730,3.5/3.25,0.007236003875732422,76.84049701690674,None,1,[0 0 1 0 1 1 2 0 0 0 0 0 0 0 0 0 1 0 0 0 0 0 0 0 0 0 0],[1. 1. 1. 1. 1. 1. 1.],[1. 1. 1. 1. 1. 1. 1.]
731,Egreedy,1,731,3.75/3.5,0.04539823532104492,76.88589525222778,None,6,[0 0 1 0 1 1 0 0 0 0 0 0 2 0 0 0 0 0 0 1 0 0 0 0 0 0 1],[1. 1. 1. 1. 1. 1. 1.],[1. 1. 1. 1. 1. 1. 1.]
732,Egreedy,1,732,2.0/3.75,0.045508623123168945,76.93140387535095,None,19,[0 2 0 0 0 0 0 1 1 1 1 0 0 1 1 1 1 0 0 0 0 0 0 0 0 0 0],[1. 1. 1. 1. 1. 1. 1.],[1. 1. 1. 1. 1. 1. 1.]
733,Egreedy,1,733,1.25/3.0,0.03134465217590332,76.96274852752686,None,18,[1 2 0 0 0 0 0 0 0 0 0 0 0 1 1 1 1 0 0 0 0 0 0 0 0 0 0],[1. 1. 1. 1. 1. 1. 1.],[1. 1. 1. 1. 1. 1. 1.]
734,Egreedy,1,734,1.0/3.25,0.00725245475769043,76.97000098228455,None,1,[1 2 0 0 0 0 0 0 0 0 0 0 0 1 1 0 1 0 0 0 0 0 0 0 0 0 0],[1. 1. 1. 1. 1. 1. 1.],[1. 1. 1. 1. 1. 1. 1.]
735,Egreedy,1,735,1.5/3.75,0.05935382843017578,77.02935481071472,None,8,[1 2 0 0 0 0 0 1 0 0 1 0 0 0 1 1 1 0 1 0 0 1 0 0 0 0 0],[1. 1. 1. 1. 1. 1. 1.],[1. 1. 1. 1. 1. 1. 1.]
736,Egreedy,1,736,1.75/3.5,0.007509708404541016,77.03686451911926,None,1,[0 2 0 0 0 0 0 1 0 0 1 0 0 0 1 1 1 0 1 0 0 1 0 0 0 0 0],[1. 1. 1. 1. 1. 1. 1.],[1. 1. 1. 1. 1. 1. 1.]
737,Egreedy,1,737,1.5/3.75,0.007420063018798828,77.04428458213806,None,1,[0 2 0 0 0 0 0 1 0 0 1 0 0 0 1 0 1 0 1 0 0 1 0 0 0 0 0],[1. 1. 1. 1. 1. 1. 1.],[1. 1. 1. 1. 1. 1. 1.]
738,Egreedy,1,738,2.0/4.25,0.03292512893676758,77.07720971107483,None,19,[0 2 0 0 0 0 0 1 1 1 1 0 0 0 0 0 0 0 0 0 0 0 0 1 1 1 1],[1. 1. 1. 1. 1. 1. 1.],[1. 1. 1. 1. 1. 1. 1.]
739,Egreedy,1,739,4.5/3.25,0.10879087448120117,77.18600058555603,None,14,[1 0 0 0 1 0 0 1 0 1 1 2 2 0 0 0 0 0 0 0 0 0 0 1 1 0 1],[1. 1. 1. 1. 1. 1. 1.],[1. 1. 1. 1. 1. 1. 1.]
740,Egreedy,1,740,1.25/3.5,0.04126572608947754,77.22726631164551,None,21,[1 2 0 0 0 0 0 0 0 0 0 0 0 0 0 0 0 0 0 0 0 0 0 1 1 1 1],[1. 1. 1. 1. 1. 1. 1.],[1. 1. 1. 1. 1. 1. 1.]
741,Egreedy,1,741,1.0/3.25,0.007325172424316406,77.23459148406982,None,1,[1 2 0 0 0 0 0 0 0 0 0 0 0 0 0 0 0 0 0 0 0 0 0 1 1 1 0],[1. 1. 1. 1. 1. 1. 1.],[1. 1. 1. 1. 1. 1. 1.]
742,Egreedy,1,742,3.25/3.0,0.06721663475036621,77.30180811882019,None,9,[0 2 0 0 0 0 0 0 0 0 0 2 2 0 0 0 0 0 0 0 0 1 0 1 1 0 0],[1. 1. 1. 1. 1. 1. 1.],[1. 1. 1. 1. 1. 1. 1.]
743,Egreedy,1,743,3.25/3.0,0.022913455963134766,77.32472157478333,None,3,[0 2 0 0 0 0 0 0 0 1 0 2 2 0 0 0 0 0 0 0 0 1 0 0 1 0 0],[1. 1. 1. 1. 1. 1. 1.],[1. 1. 1. 1. 1. 1. 1.]
744,Egreedy,1,744,0.75/3.5,0.07289528846740723,77.39761686325073,None,26,[1 2 0 0 0 0 0 1 1 1 1 0 0 0 0 0 0 0 0 0 0 0 0 0 0 0 0],[1. 1. 1. 1. 1. 1. 1.],[1. 1. 1. 1. 1. 1. 1.]
745,Egreedy,1,745,4.5/3.75,0.10608792304992676,77.50370478630066,None,32,[0 0 1 1 1 1 0 0 0 0 0 0 0 1 1 1 1 2 0 0 0 0 0 0 0 0 0],[1. 1. 1. 1. 1. 1. 1.],[1. 1. 1. 1. 1. 1. 1.]
746,Egreedy,1,746,4.5/3.75,0.030074119567871094,77.53377890586853,None,4,[0 0 1 1 1 1 0 1 0 0 0 0 0 1 0 1 1 2 0 0 0 0 0 0 0 0 0],[1. 1. 1. 1. 1. 1. 1.],[1. 1. 1. 1. 1. 1. 1.]
747,Egreedy,1,747,4.0/3.75,0.039073944091796875,77.57285284996033,None,24,[0 0 0 0 0 0 0 1 1 1 1 0 0 1 1 1 1 2 0 0 0 0 0 0 0 0 0],[1. 1. 1. 1. 1. 1. 1.],[1. 1. 1. 1. 1. 1. 1.]
748,Egreedy,1,748,3.25/3.0,0.03968000411987305,77.6125328540802,None,25,[1 0 0 0 0 0 0 0 0 0 0 0 0 1 1 1 1 2 0 0 0 0 0 0 0 0 0],[1. 1. 1. 1. 1. 1. 1.],[1. 1. 1. 1. 1. 1. 1.]
749,Egreedy,1,749,3.25/3.5,0.12714052200317383,77.73967337608337,None,39,[1 0 0 0 0 0 0 0 0 0 0 0 0 0 0 0 0 2 0 0 0 0 0 1 1 1 1],[1. 1. 1. 1. 1. 1. 1.],[1. 1. 1. 1. 1. 1. 1.]
750,Egreedy,1,750,4.0/4.25,0.044708251953125,77.7843816280365,None,29,[0 0 1 1 1 1 0 1 1 1 1 0 0 0 0 0 0 2 0 0 0 0 0 0 0 0 0],[1. 1. 1. 1. 1. 1. 1.],[1. 1. 1. 1. 1. 1. 1.]
751,Egreedy,1,751,5.0/4.75,0.031030654907226562,77.81541228294373,None,4,[0 0 1 1 1 1 2 0 0 0 0 0 2 0 0 0 0 0 1 0 0 0 0 0 0 0 1],[1. 1. 1. 1. 1. 1. 1.],[1. 1. 1. 1. 1. 1. 1.]
752,Egreedy,1,752,3.25/3.5,0.05260515213012695,77.86801743507385,None,31,[1 0 1 1 1 1 0 0 0 0 0 0 0 0 0 0 0 2 0 0 0 0 0 0 0 0 0],[1. 1. 1. 1. 1. 1. 1.],[1. 1. 1. 1. 1. 1. 1.]
753,Egreedy,1,753,2.75/3.5,0.04643821716308594,77.91445565223694,None,31,[1 0 0 0 0 0 0 1 1 1 1 0 0 0 0 0 0 2 0 0 0 0 0 0 0 0 0],[1. 1. 1. 1. 1. 1. 1.],[1. 1. 1. 1. 1. 1. 1.]
754,Egreedy,1,754,2.75/3.5,0.014649629592895508,77.92910528182983,None,2,[1 0 0 0 0 0 0 1 0 1 1 0 0 0 1 0 0 2 0 0 0 0 0 0 0 0 0],[1. 1. 1. 1. 1. 1. 1.],[1. 1. 1. 1. 1. 1. 1.]
755,Egreedy,1,755,3.0/3.25,0.007237672805786133,77.93634295463562,None,1,[1 0 0 0 0 0 0 1 0 1 0 0 0 0 1 0 0 2 0 0 0 0 0 0 0 0 0],[1. 1. 1. 1. 1. 1. 1.],[1. 1. 1. 1. 1. 1. 1.]
756,Egreedy,1,756,4.5/4.25,0.0567784309387207,77.99312138557434,None,34,[0 0 1 1 1 1 0 0 0 0 0 0 2 0 0 0 0 0 1 1 1 1 0 0 0 0 0],[1. 1. 1. 1. 1. 1. 1.],[1. 1. 1. 1. 1. 1. 1.]
757,Egreedy,1,757,4.5/4.25,0.01514577865600586,78.00826716423035,None,2,[0 0 0 1 1 1 0 0 1 0 0 0 2 0 0 0 0 0 1 1 1 1 0 0 0 0 0],[1. 1. 1. 1. 1. 1. 1.],[1. 1. 1. 1. 1. 1. 1.]
758,Egreedy,1,758,4.5/4.25,0.014833927154541016,78.02310109138489,None,2,[0 0 0 1 1 1 0 0 1 0 0 0 0 0 0 0 0 0 1 1 1 1 2 0 0 0 0],[1. 1. 1. 1. 1. 1. 1.],[1. 1. 1. 1. 1. 1. 1.]
759,Egreedy,1,759,4.25/4.0,0.01568460464477539,78.03878569602966,None,2,[0 0 0 1 1 1 0 0 0 0 0 0 0 0 0 0 0 0 1 1 1 1 2 0 0 0 0],[1. 1. 1. 1. 1. 1. 1.],[1. 1. 1. 1. 1. 1. 1.]
760,Egreedy,1,760,4.25/4.0,0.014896869659423828,78.05368256568909,None,2,[0 0 0 1 1 1 0 0 0 0 0 0 0 0 0 0 1 0 1 0 1 1 2 0 0 0 0],[1. 1. 1. 1. 1. 1. 1.],[1. 1. 1. 1. 1. 1. 1.]
761,Egreedy,1,761,4.0/3.75,0.007355213165283203,78.06103777885437,None,1,[0 0 0 1 1 1 0 0 0 0 0 0 0 0 0 0 1 0 1 0 0 1 2 0 0 0 0],[1. 1. 1. 1. 1. 1. 1.],[1. 1. 1. 1. 1. 1. 1.]
762,Egreedy,1,762,4.75/2.5,0.014548063278198242,78.07558584213257,None,2,[0 0 0 1 1 1 0 0 0 0 0 2 0 0 0 0 1 0 0 0 0 1 2 0 0 0 0],[1. 1. 1. 1. 1. 1. 1.],[1. 1. 1. 1. 1. 1. 1.]
763,Egreedy,1,763,4.0/4.25,0.09611940383911133,78.17170524597168,None,40,[0 0 0 0 0 0 0 1 1 1 1 0 2 0 0 0 0 0 1 1 1 1 0 0 0 0 0],[1. 1. 1. 1. 1. 1. 1.],[1. 1. 1. 1. 1. 1. 1.]
764,Egreedy,1,764,4.0/4.25,0.008098125457763672,78.17980337142944,None,1,[0 0 0 0 0 0 0 1 1 1 1 0 2 0 0 0 0 2 0 0 0 0 0 0 0 0 0],[1. 1. 1. 1. 1. 1. 1.],[1. 1. 1. 1. 1. 1. 1.]
765,Egreedy,1,765,4.25/2.5,0.01531076431274414,78.19511413574219,None,2,[0 0 0 0 0 0 0 1 1 1 1 2 2 0 0 0 0 0 0 0 1 0 0 0 0 0 0],[1. 1. 1. 1. 1. 1. 1.],[1. 1. 1. 1. 1. 1. 1.]
766,Egreedy,1,766,4.5/2.25,0.0073773860931396484,78.20249152183533,None,1,[0 0 0 0 0 0 0 1 1 1 0 2 2 0 0 0 0 0 0 0 1 0 0 0 0 0 0],[1. 1. 1. 1. 1. 1. 1.],[1. 1. 1. 1. 1. 1. 1.]
767,Egreedy,1,767,3.25/3.5,0.0381627082824707,78.2406542301178,None,5,[1 0 0 0 0 0 0 1 1 1 0 0 0 0 0 0 0 2 0 0 0 0 0 0 0 0 1],[1. 1. 1. 1. 1. 1. 1.],[1. 1. 1. 1. 1. 1. 1.]
768,Egreedy,1,768,4.0/3.75,0.022109031677246094,78.26276326179504,None,3,[0 0 0 0 0 1 0 1 1 1 0 0 0 0 1 0 0 2 0 0 0 0 0 0 0 0 1],[1. 1. 1. 1. 1. 1. 1.],[1. 1. 1. 1. 1. 1. 1.]
769,Egreedy,1,769,3.25/3.5,0.05930352210998535,78.32206678390503,None,36,[1 0 0 0 0 0 0 0 0 0 0 0 2 0 0 0 0 0 1 1 1 1 0 0 0 0 0],[1. 1. 1. 1. 1. 1. 1.],[1. 1. 1. 1. 1. 1. 1.]
770,Egreedy,1,770,4.5/4.25,0.07557106018066406,78.3976378440857,None,39,[0 0 1 1 1 1 0 0 0 0 0 0 2 0 0 0 0 0 0 0 0 0 0 1 1 1 1],[1. 1. 1. 1. 1. 1. 1.],[1. 1. 1. 1. 1. 1. 1.]
771,Egreedy,1,771,4.25/4.0,0.015862226486206055,78.4135000705719,None,2,[0 0 1 1 1 1 0 0 0 0 0 0 2 0 0 0 0 0 0 0 0 0 0 1 0 1 1],[1. 1. 1. 1. 1. 1. 1.],[1. 1. 1. 1. 1. 1. 1.]
772,Egreedy,1,772,4.25/4.0,0.014874935150146484,78.42837500572205,None,2,[0 0 1 1 1 1 0 0 0 0 0 0 2 0 0 0 0 0 1 0 0 0 0 1 0 0 1],[1. 1. 1. 1. 1. 1. 1.],[1. 1. 1. 1. 1. 1. 1.]
773,Egreedy,1,773,2.5/4.25,0.015506505966186523,78.44388151168823,None,2,[0 2 0 0 0 0 0 0 0 1 0 0 2 0 0 0 0 0 1 0 0 0 0 1 0 0 1],[1. 1. 1. 1. 1. 1. 1.],[1. 1. 1. 1. 1. 1. 1.]
774,Egreedy,1,774,2.25/4.0,0.015305280685424805,78.45918679237366,None,2,[0 2 0 0 0 0 0 0 0 1 0 0 2 0 0 0 0 0 0 0 0 0 0 1 0 0 1],[1. 1. 1. 1. 1. 1. 1.],[1. 1. 1. 1. 1. 1. 1.]
775,Egreedy,1,775,3.25/3.0,0.00738978385925293,78.46657657623291,None,1,[0 0 0 0 0 0 0 0 0 1 0 0 2 0 0 0 0 0 0 0 0 0 0 1 0 0 1],[1. 1. 1. 1. 1. 1. 1.],[1. 1. 1. 1. 1. 1. 1.]
776,Egreedy,1,776,3.25/3.0,0.014488935470581055,78.48106551170349,None,2,[0 0 0 0 0 1 0 0 0 1 0 0 2 0 0 0 0 0 0 0 0 0 0 1 0 0 0],[1. 1. 1. 1. 1. 1. 1.],[1. 1. 1. 1. 1. 1. 1.]
777,Egreedy,1,777,3.25/3.5,0.06261253356933594,78.54367804527283,None,39,[1 0 0 0 0 0 0 0 0 0 0 0 2 0 0 0 0 0 0 0 0 0 0 1 1 1 1],[1. 1. 1. 1. 1. 1. 1.],[1. 1. 1. 1. 1. 1. 1.]
778,Egreedy,1,778,3.5/3.25,0.007337093353271484,78.5510151386261,None,1,[0 0 0 0 0 0 0 0 0 0 0 0 2 0 0 0 0 0 0 0 0 0 0 1 1 1 1],[1. 1. 1. 1. 1. 1. 1.],[1. 1. 1. 1. 1. 1. 1.]
779,Egreedy,1,779,4.5/2.25,0.03000950813293457,78.58102464675903,None,4,[0 0 1 0 0 0 0 0 0 0 0 2 2 0 0 0 0 0 0 0 0 0 0 1 1 0 1],[1. 1. 1. 1. 1. 1. 1.],[1. 1. 1. 1. 1. 1. 1.]
780,Egreedy,1,780,4.75/2.5,0.022156238555908203,78.60318088531494,None,3,[0 0 1 0 0 1 0 0 0 0 0 2 2 0 0 0 0 0 1 0 0 0 0 1 0 0 1],[1. 1. 1. 1. 1. 1. 1.],[1. 1. 1. 1. 1. 1. 1.]
781,Egreedy,1,781,4.75/2.5,0.01498103141784668,78.61816191673279,None,2,[0 0 1 0 0 1 0 0 0 0 0 2 2 0 0 0 0 0 0 1 0 0 0 1 0 0 1],[1. 1. 1. 1. 1. 1. 1.],[1. 1. 1. 1. 1. 1. 1.]
782,Egreedy,1,782,3.25/3.5,0.07338905334472656,78.69155097007751,None,42,[1 0 1 1 1 1 0 0 0 0 0 0 2 0 0 0 0 0 0 0 0 0 0 0 0 0 0],[1. 1. 1. 1. 1. 1. 1.],[1. 1. 1. 1. 1. 1. 1.]
783,Egreedy,1,783,2.75/3.5,0.06642508506774902,78.75797605514526,None,42,[1 0 0 0 0 0 0 1 1 1 1 0 2 0 0 0 0 0 0 0 0 0 0 0 0 0 0],[1. 1. 1. 1. 1. 1. 1.],[1. 1. 1. 1. 1. 1. 1.]
784,Egreedy,1,784,2.75/3.5,0.014716625213623047,78.77269268035889,None,2,[1 0 0 0 0 0 0 1 1 0 1 0 2 0 0 0 0 0 0 0 0 1 0 0 0 0 0],[1. 1. 1. 1. 1. 1. 1.],[1. 1. 1. 1. 1. 1. 1.]
785,Egreedy,1,785,4.5/2.25,0.06941390037536621,78.84210658073425,None,44,[0 0 0 0 0 0 0 0 0 0 0 2 0 0 0 0 0 0 1 1 1 1 0 1 1 1 1],[1. 1. 1. 1. 1. 1. 1.],[1. 1. 1. 1. 1. 1. 1.]
786,Egreedy,1,786,4.25/2.0,0.007565975189208984,78.84967255592346,None,1,[0 0 0 0 0 0 0 0 0 0 0 2 0 0 0 0 0 0 1 1 1 0 0 1 1 1 1],[1. 1. 1. 1. 1. 1. 1.],[1. 1. 1. 1. 1. 1. 1.]
787,Egreedy,1,787,4.0/1.75,0.007489442825317383,78.85716199874878,None,1,[0 0 0 0 0 0 0 0 0 0 0 2 0 0 0 0 0 0 1 1 1 0 0 1 1 0 1],[1. 1. 1. 1. 1. 1. 1.],[1. 1. 1. 1. 1. 1. 1.]
788,Egreedy,1,788,4.0/2.25,0.0938117504119873,78.95097374916077,None,49,[0 0 0 0 0 0 0 1 1 1 1 2 0 0 0 0 0 0 1 1 1 1 0 0 0 0 0],[1. 1. 1. 1. 1. 1. 1.],[1. 1. 1. 1. 1. 1. 1.]
789,Egreedy,1,789,3.25/1.5,0.05837225914001465,79.00934600830078,None,46,[1 0 0 0 0 0 0 0 0 0 0 2 0 0 0 0 0 0 1 1 1 1 0 0 0 0 0],[1. 1. 1. 1. 1. 1. 1.],[1. 1. 1. 1. 1. 1. 1.]
790,Egreedy,1,790,4.5/1.75,0.139876127243042,79.14922213554382,None,59,[0 0 0 0 0 0 0 0 0 0 0 2 0 1 1 1 1 0 0 0 0 0 0 1 1 1 1],[1. 1. 1. 1. 1. 1. 1.],[1. 1. 1. 1. 1. 1. 1.]
791,Egreedy,1,791,4.5/1.75,0.013596296310424805,79.16281843185425,None,2,[0 0 1 0 0 0 0 0 0 0 0 2 0 1 1 1 1 0 0 0 0 0 0 1 1 0 1],[1. 1. 1. 1. 1. 1. 1.],[1. 1. 1. 1. 1. 1. 1.]
792,Egreedy,1,792,5.25/2.5,0.02813267707824707,79.1909511089325,None,4,[0 0 1 0 0 0 0 0 0 0 0 2 0 1 1 1 1 2 0 0 0 0 0 1 0 0 1],[1. 1. 1. 1. 1. 1. 1.],[1. 1. 1. 1. 1. 1. 1.]
793,Egreedy,1,793,5.25/3.0,0.014256477355957031,79.20520758628845,None,2,[0 0 1 0 0 0 0 0 0 0 0 2 2 0 0 0 0 2 0 0 0 0 0 1 0 0 1],[1. 1. 1. 1. 1. 1. 1.],[1. 1. 1. 1. 1. 1. 1.]
794,Egreedy,1,794,4.5/1.75,0.007329463958740234,79.21253705024719,None,1,[0 0 1 0 0 0 0 0 0 0 0 2 0 0 0 1 0 2 0 0 0 0 0 1 0 0 1],[1. 1. 1. 1. 1. 1. 1.],[1. 1. 1. 1. 1. 1. 1.]
795,Egreedy,1,795,4.5/1.75,0.06706953048706055,79.27960658073425,None,49,[0 0 1 1 1 1 0 0 0 0 0 2 0 1 1 1 1 0 0 0 0 0 0 0 0 0 0],[1. 1. 1. 1. 1. 1. 1.],[1. 1. 1. 1. 1. 1. 1.]
796,Egreedy,1,796,4.25/1.5,0.00757908821105957,79.28718566894531,None,1,[0 0 0 1 1 1 0 0 0 0 0 2 0 1 1 1 1 0 0 0 0 0 0 0 0 0 0],[1. 1. 1. 1. 1. 1. 1.],[1. 1. 1. 1. 1. 1. 1.]
797,Egreedy,1,797,4.0/1.75,0.10252165794372559,79.38970732688904,None,55,[0 0 0 0 0 0 0 1 1 1 1 2 0 1 1 1 1 0 0 0 0 0 0 0 0 0 0],[1. 1. 1. 1. 1. 1. 1.],[1. 1. 1. 1. 1. 1. 1.]
798,Egreedy,1,798,4.25/2.0,0.021080732345581055,79.41078805923462,None,3,[0 0 0 1 0 1 0 0 1 1 1 2 0 1 1 1 1 0 0 0 0 0 0 0 0 0 0],[1. 1. 1. 1. 1. 1. 1.],[1. 1. 1. 1. 1. 1. 1.]
799,Egreedy,1,799,5.0/2.75,0.034023284912109375,79.44481134414673,None,5,[0 0 0 1 1 0 0 0 1 1 1 2 0 1 1 1 1 0 0 0 1 0 0 0 1 0 1],[1. 1. 1. 1. 1. 1. 1.],[1. 1. 1. 1. 1. 1. 1.]
800,Egreedy,1,800,4.75/2.5,0.02081751823425293,79.46562886238098,None,3,[0 0 0 1 1 0 0 0 1 1 1 2 0 1 1 1 1 0 0 0 1 0 0 0 1 0 0],[1. 1. 1. 1. 1. 1. 1.],[1. 1. 1. 1. 1. 1. 1.]
801,Egreedy,1,801,4.5/2.25,0.006802558898925781,79.47243142127991,None,1,[0 0 0 1 1 0 0 0 1 1 1 2 0 1 1 1 0 0 0 0 1 0 0 0 1 0 0],[1. 1. 1. 1. 1. 1. 1.],[1. 1. 1. 1. 1. 1. 1.]
802,Egreedy,1,802,4.5/2.25,0.013804912567138672,79.48623633384705,None,2,[0 0 0 1 1 0 0 0 1 1 1 2 0 1 0 1 0 0 0 0 1 0 0 1 1 0 0],[1. 1. 1. 1. 1. 1. 1.],[1. 1. 1. 1. 1. 1. 1.]
803,Egreedy,1,803,4.5/2.25,0.013432025909423828,79.49966835975647,None,2,[0 0 0 1 1 1 0 0 1 1 1 2 0 1 0 1 0 0 0 0 1 0 0 1 0 0 0],[1. 1. 1. 1. 1. 1. 1.],[1. 1. 1. 1. 1. 1. 1.]
804,Egreedy,1,804,4.25/2.0,0.006792306900024414,79.5064606666565,None,1,[0 0 0 1 0 1 0 0 1 1 1 2 0 1 0 1 0 0 0 0 1 0 0 1 0 0 0],[1. 1. 1. 1. 1. 1. 1.],[1. 1. 1. 1. 1. 1. 1.]
805,Egreedy,1,805,4.0/1.75,0.006775617599487305,79.51323628425598,None,1,[0 0 0 1 0 1 0 0 1 1 1 2 0 1 0 1 0 0 0 0 0 0 0 1 0 0 0],[1. 1. 1. 1. 1. 1. 1.],[1. 1. 1. 1. 1. 1. 1.]
806,Egreedy,1,806,3.75/1.5,0.006732463836669922,79.51996874809265,None,1,[0 0 0 1 0 1 0 0 1 0 1 2 0 1 0 1 0 0 0 0 0 0 0 1 0 0 0],[1. 1. 1. 1. 1. 1. 1.],[1. 1. 1. 1. 1. 1. 1.]
807,Egreedy,1,807,3.25/1.0,0.06285262107849121,79.58282136917114,None,50,[1 0 0 0 0 0 0 0 0 0 0 2 0 1 1 1 1 0 0 0 0 0 0 0 0 0 0],[1. 1. 1. 1. 1. 1. 1.],[1. 1. 1. 1. 1. 1. 1.]
808,Egreedy,1,808,4.25/2.0,0.04746055603027344,79.63028192520142,None,7,[1 0 0 0 0 0 0 0 0 1 0 2 0 0 1 1 1 0 0 0 0 1 0 1 1 1 0],[1. 1. 1. 1. 1. 1. 1.],[1. 1. 1. 1. 1. 1. 1.]
809,Egreedy,1,809,4.5/2.75,0.00744175910949707,79.63772368431091,None,1,[1 0 0 0 0 0 0 0 0 1 0 2 2 0 0 0 0 0 0 0 0 1 0 1 1 1 0],[1. 1. 1. 1. 1. 1. 1.],[1. 1. 1. 1. 1. 1. 1.]
810,Egreedy,1,810,4.5/2.25,0.15951991081237793,79.79724359512329,None,65,[0 0 1 1 1 1 0 0 0 0 0 2 0 0 0 0 0 0 0 0 0 0 0 1 1 1 1],[1. 1. 1. 1. 1. 1. 1.],[1. 1. 1. 1. 1. 1. 1.]
811,Egreedy,1,811,4.75/3.0,0.06886935234069824,79.86611294746399,None,10,[1 0 1 0 1 1 0 1 1 0 0 2 0 0 0 0 1 0 0 1 0 0 0 1 0 1 1],[1. 1. 1. 1. 1. 1. 1.],[1. 1. 1. 1. 1. 1. 1.]
812,Egreedy,1,812,4.5/2.75,0.006963014602661133,79.87307596206665,None,1,[1 0 1 0 1 1 0 1 0 0 0 2 0 0 0 0 1 0 0 1 0 0 0 1 0 1 1],[1. 1. 1. 1. 1. 1. 1.],[1. 1. 1. 1. 1. 1. 1.]
813,Egreedy,1,813,3.5/2.25,0.05634140968322754,79.92941737174988,None,8,[1 0 0 0 0 0 0 1 0 0 1 2 0 0 0 0 1 0 0 1 0 0 0 1 0 1 1],[1. 1. 1. 1. 1. 1. 1.],[1. 1. 1. 1. 1. 1. 1.]
814,Egreedy,1,814,3.25/2.0,0.0065386295318603516,79.93595600128174,None,1,[1 0 0 0 0 0 0 1 0 0 1 2 0 0 0 0 1 0 0 0 0 0 0 1 0 1 1],[1. 1. 1. 1. 1. 1. 1.],[1. 1. 1. 1. 1. 1. 1.]
815,Egreedy,1,815,4.0/2.25,0.06556344032287598,80.00151944160461,None,52,[0 0 0 0 0 0 0 1 1 1 1 2 0 0 0 0 0 0 0 0 0 0 0 1 1 1 1],[1. 1. 1. 1. 1. 1. 1.],[1. 1. 1. 1. 1. 1. 1.]
816,Egreedy,1,816,3.25/1.5,0.1421208381652832,80.1436402797699,None,64,[1 0 0 0 0 0 0 0 0 0 0 2 0 0 0 0 0 0 0 0 0 0 0 1 1 1 1],[1. 1. 1. 1. 1. 1. 1.],[1. 1. 1. 1. 1. 1. 1.]
817,Egreedy,1,817,3.0/1.25,0.006700992584228516,80.15034127235413,None,1,[1 0 0 0 0 0 0 0 0 0 0 2 0 0 0 0 0 0 0 0 0 0 0 1 0 1 1],[1. 1. 1. 1. 1. 1. 1.],[1. 1. 1. 1. 1. 1. 1.]
818,Egreedy,1,818,3.25/1.0,0.04604053497314453,80.19638180732727,None,7,[1 0 0 0 0 0 0 0 1 0 0 2 0 0 0 1 0 0 0 0 0 0 0 1 0 1 0],[1. 1. 1. 1. 1. 1. 1.],[1. 1. 1. 1. 1. 1. 1.]
819,Egreedy,1,819,4.0/2.25,0.08309769630432129,80.27947950363159,None,56,[0 0 1 1 1 1 0 1 1 1 1 2 0 0 0 0 0 0 0 0 0 0 0 0 0 0 0],[1. 1. 1. 1. 1. 1. 1.],[1. 1. 1. 1. 1. 1. 1.]
820,Egreedy,1,820,3.75/2.0,0.0067484378814697266,80.28622794151306,None,1,[0 0 0 1 1 1 0 1 1 1 1 2 0 0 0 0 0 0 0 0 0 0 0 0 0 0 0],[1. 1. 1. 1. 1. 1. 1.],[1. 1. 1. 1. 1. 1. 1.]
821,Egreedy,1,821,4.5/2.75,0.020775318145751953,80.30700325965881,None,3,[0 0 0 1 1 1 0 1 0 1 1 2 0 0 0 0 0 2 0 0 0 0 0 0 0 0 0],[1. 1. 1. 1. 1. 1. 1.],[1. 1. 1. 1. 1. 1. 1.]
822,Egreedy,1,822,4.5/2.75,0.013443470001220703,80.32044672966003,None,2,[0 0 0 0 1 1 0 1 0 1 1 2 0 0 0 0 1 2 0 0 0 0 0 0 0 0 0],[1. 1. 1. 1. 1. 1. 1.],[1. 1. 1. 1. 1. 1. 1.]
823,Egreedy,1,823,5.0/2.75,0.041928768157958984,80.362375497818,None,6,[0 0 0 1 0 1 0 1 0 1 1 2 0 1 0 1 1 2 0 0 0 0 0 0 0 0 0],[1. 1. 1. 1. 1. 1. 1.],[1. 1. 1. 1. 1. 1. 1.]
824,Egreedy,1,824,3.25/1.5,0.07377099990844727,80.43614649772644,None,55,[1 0 1 1 1 1 0 0 0 0 0 2 0 0 0 0 0 0 0 0 0 0 0 0 0 0 0],[1. 1. 1. 1. 1. 1. 1.],[1. 1. 1. 1. 1. 1. 1.]
825,Egreedy,1,825,2.75/1.5,0.19095277786254883,80.62709927558899,None,73,[1 0 0 0 0 0 0 1 1 1 1 2 0 0 0 0 0 0 0 0 0 0 0 0 0 0 0],[1. 1. 1. 1. 1. 1. 1.],[1. 1. 1. 1. 1. 1. 1.]
826,Egreedy,1,826,4.5/3.75,0.08438467979431152,80.7114839553833,None,59,[0 0 0 0 0 0 0 0 0 0 0 0 0 1 1 1 1 0 1 1 1 1 2 0 0 0 0],[1. 1. 1. 1. 1. 1. 1.],[1. 1. 1. 1. 1. 1. 1.]
827,Egreedy,1,827,4.25/3.5,0.006774187088012695,80.71825814247131,None,1,[0 0 0 0 0 0 0 0 0 0 0 0 0 1 0 1 1 0 1 1 1 1 2 0 0 0 0],[1. 1. 1. 1. 1. 1. 1.],[1. 1. 1. 1. 1. 1. 1.]
828,Egreedy,1,828,4.25/4.5,0.08394002914428711,80.8021981716156,None,12,[1 0 0 0 0 0 2 0 0 0 0 0 2 0 0 0 0 0 1 1 1 0 0 1 0 0 0],[1. 1. 1. 1. 1. 1. 1.],[1. 1. 1. 1. 1. 1. 1.]
829,Egreedy,1,829,3.5/3.75,0.013350963592529297,80.81554913520813,None,2,[1 0 1 0 0 0 2 0 0 0 0 0 0 0 0 0 0 0 1 1 1 0 0 1 0 0 0],[1. 1. 1. 1. 1. 1. 1.],[1. 1. 1. 1. 1. 1. 1.]
830,Egreedy,1,830,3.75/4.0,0.0473787784576416,80.86292791366577,None,7,[1 0 1 0 1 0 0 0 0 0 0 0 0 0 1 0 1 2 0 0 0 0 0 1 0 0 1],[1. 1. 1. 1. 1. 1. 1.],[1. 1. 1. 1. 1. 1. 1.]
831,Egreedy,1,831,4.0/3.75,0.006630420684814453,80.86955833435059,None,1,[0 0 1 0 1 0 0 0 0 0 0 0 0 0 1 0 1 2 0 0 0 0 0 1 0 0 1],[1. 1. 1. 1. 1. 1. 1.],[1. 1. 1. 1. 1. 1. 1.]
832,Egreedy,1,832,3.75/3.5,0.006609916687011719,80.8761682510376,None,1,[0 0 1 0 1 0 0 0 0 0 0 0 0 0 1 0 1 2 0 0 0 0 0 0 0 0 1],[1. 1. 1. 1. 1. 1. 1.],[1. 1. 1. 1. 1. 1. 1.]
833,Egreedy,1,833,3.75/3.5,0.05362200736999512,80.92979025840759,None,8,[0 0 0 0 1 0 0 0 0 0 0 0 0 1 1 0 1 2 0 0 0 0 0 0 1 0 0],[1. 1. 1. 1. 1. 1. 1.],[1. 1. 1. 1. 1. 1. 1.]
834,Egreedy,1,834,3.5/3.25,0.006640911102294922,80.93643116950989,None,1,[0 0 0 0 0 0 0 0 0 0 0 0 0 1 1 0 1 2 0 0 0 0 0 0 1 0 0],[1. 1. 1. 1. 1. 1. 1.],[1. 1. 1. 1. 1. 1. 1.]
835,Egreedy,1,835,4.0/4.25,0.08092308044433594,81.01735424995422,None,60,[0 0 0 0 0 0 0 1 1 1 1 0 0 0 0 0 0 0 1 1 1 1 2 0 0 0 0],[1. 1. 1. 1. 1. 1. 1.],[1. 1. 1. 1. 1. 1. 1.]
836,Egreedy,1,836,3.75/4.0,0.0066301822662353516,81.02398443222046,None,1,[0 0 0 0 0 0 0 1 0 1 1 0 0 0 0 0 0 0 1 1 1 1 2 0 0 0 0],[1. 1. 1. 1. 1. 1. 1.],[1. 1. 1. 1. 1. 1. 1.]
837,Egreedy,1,837,4.0/3.75,0.0844416618347168,81.10842609405518,None,63,[0 0 0 0 0 0 0 1 1 1 1 0 0 1 1 1 1 0 0 0 0 0 2 0 0 0 0],[1. 1. 1. 1. 1. 1. 1.],[1. 1. 1. 1. 1. 1. 1.]
838,Egreedy,1,838,2.5/4.25,0.5258808135986328,81.63430690765381,None,405,[0 2 0 0 0 0 2 0 0 0 0 0 0 0 0 0 0 0 0 0 0 0 0 1 1 1 1],[1. 1. 1. 1. 1. 1. 1.],[1. 1. 1. 1. 1. 1. 1.]
839,Egreedy,1,839,1.25/3.5,0.07485556602478027,81.70916247367859,None,14,[1 2 0 0 0 0 2 0 0 0 0 0 0 0 0 0 0 0 0 0 0 0 0 0 0 0 0],[1. 1. 1. 1. 1. 1. 1.],[1. 1. 1. 1. 1. 1. 1.]
840,Egreedy,1,840,3.75/3.5,0.03310966491699219,81.74227213859558,None,5,[0 0 0 0 1 0 2 0 0 0 0 0 0 0 0 0 0 0 0 0 0 0 2 0 0 0 0],[1. 1. 1. 1. 1. 1. 1.],[1. 1. 1. 1. 1. 1. 1.]
841,Egreedy,1,841,4.5/3.75,0.015922069549560547,81.75819420814514,None,6,[0 0 0 0 0 0 2 0 0 0 0 0 0 1 1 1 1 2 0 0 0 0 0 0 0 0 0],[1. 1. 1. 1. 1. 1. 1.],[1. 1. 1. 1. 1. 1. 1.]
842,Egreedy,1,842,2.5/3.75,0.013407230377197266,81.77160143852234,None,2,[0 2 0 0 0 0 0 0 0 0 0 0 0 1 1 1 1 2 0 0 0 0 0 0 0 0 0],[1. 1. 1. 1. 1. 1. 1.],[1. 1. 1. 1. 1. 1. 1.]
843,Egreedy,1,843,3.5/3.25,0.039946556091308594,81.81154799461365,None,6,[1 0 0 0 0 1 0 0 0 0 0 0 0 1 0 1 1 2 0 0 0 0 0 0 0 1 0],[1. 1. 1. 1. 1. 1. 1.],[1. 1. 1. 1. 1. 1. 1.]
844,Egreedy,1,844,4.25/2.5,0.03954911231994629,81.8510971069336,None,6,[1 0 0 0 0 1 0 0 0 0 1 2 0 1 1 1 0 2 0 0 0 0 0 0 0 0 1],[1. 1. 1. 1. 1. 1. 1.],[1. 1. 1. 1. 1. 1. 1.]
845,Egreedy,1,845,4.0/2.25,0.006666898727416992,81.85776400566101,None,1,[1 0 0 0 0 0 0 0 0 0 1 2 0 1 1 1 0 2 0 0 0 0 0 0 0 0 1],[1. 1. 1. 1. 1. 1. 1.],[1. 1. 1. 1. 1. 1. 1.]
846,Egreedy,1,846,3.0/3.25,0.006808280944824219,81.86457228660583,None,1,[1 0 0 0 0 0 0 0 0 0 1 0 0 1 1 1 0 2 0 0 0 0 0 0 0 0 1],[1. 1. 1. 1. 1. 1. 1.],[1. 1. 1. 1. 1. 1. 1.]
847,Egreedy,1,847,3.5/3.25,0.013039827346801758,81.87761211395264,None,2,[1 0 0 0 1 0 0 0 0 0 0 0 0 1 1 1 0 2 0 0 0 0 0 0 0 0 1],[1. 1. 1. 1. 1. 1. 1.],[1. 1. 1. 1. 1. 1. 1.]
848,Egreedy,1,848,2.25/4.0,0.007154941558837891,81.88476705551147,None,1,[1 2 0 0 0 0 0 0 0 0 0 0 0 1 1 1 0 2 0 0 0 0 0 0 0 0 1],[1. 1. 1. 1. 1. 1. 1.],[1. 1. 1. 1. 1. 1. 1.]
849,Egreedy,1,849,4.5/4.25,0.0167543888092041,81.90152144432068,None,7,[0 0 0 0 0 0 2 0 0 0 0 0 0 0 0 0 0 2 0 0 0 0 0 1 1 1 1],[1. 1. 1. 1. 1. 1. 1.],[1. 1. 1. 1. 1. 1. 1.]
850,Egreedy,1,850,4.5/4.25,0.0809335708618164,81.9824550151825,None,18,[0 0 0 0 0 0 2 0 0 0 0 0 2 0 0 0 0 0 1 1 1 1 0 0 0 0 0],[1. 1. 1. 1. 1. 1. 1.],[1. 1. 1. 1. 1. 1. 1.]
851,Egreedy,1,851,3.75/3.5,0.013795852661132812,81.99625086784363,None,2,[0 0 0 0 0 1 2 0 0 0 0 0 0 0 0 0 0 0 1 1 1 1 0 0 0 0 0],[1. 1. 1. 1. 1. 1. 1.],[1. 1. 1. 1. 1. 1. 1.]
852,Egreedy,1,852,4.5/4.25,0.022527456283569336,82.0187783241272,None,12,[0 0 1 1 1 1 2 0 0 0 0 0 2 0 0 0 0 0 0 0 0 0 0 0 0 0 0],[1. 1. 1. 1. 1. 1. 1.],[1. 1. 1. 1. 1. 1. 1.]
853,Egreedy,1,853,3.75/3.5,0.0072214603424072266,82.0259997844696,None,1,[0 0 1 1 1 1 2 0 0 0 0 0 0 1 0 0 0 0 0 0 0 0 0 0 0 0 0],[1. 1. 1. 1. 1. 1. 1.],[1. 1. 1. 1. 1. 1. 1.]
854,Egreedy,1,854,3.25/3.5,0.0570986270904541,82.08309841156006,None,18,[1 0 0 0 0 0 2 0 0 0 0 0 2 0 0 0 0 0 0 0 0 0 0 0 0 0 0],[1. 1. 1. 1. 1. 1. 1.],[1. 1. 1. 1. 1. 1. 1.]
855,Egreedy,1,855,4.5/2.25,0.12050914764404297,82.2036075592041,None,28,[0 0 0 0 0 0 2 0 0 0 0 2 0 0 0 0 0 0 1 1 1 1 0 0 0 0 0],[1. 1. 1. 1. 1. 1. 1.],[1. 1. 1. 1. 1. 1. 1.]
856,Egreedy,1,856,4.5/1.75,0.02466607093811035,82.22827363014221,None,15,[0 0 0 0 0 0 2 0 0 0 0 2 0 1 1 1 1 0 0 0 0 0 0 0 0 0 0],[1. 1. 1. 1. 1. 1. 1.],[1. 1. 1. 1. 1. 1. 1.]
857,Egreedy,1,857,2.0/1.75,0.020293235778808594,82.24856686592102,None,3,[0 2 0 0 0 0 0 0 0 0 1 2 0 1 0 1 1 0 0 0 0 0 0 0 0 0 0],[1. 1. 1. 1. 1. 1. 1.],[1. 1. 1. 1. 1. 1. 1.]
858,Egreedy,1,858,2.25/4.0,0.07787752151489258,82.32644438743591,None,11,[0 2 0 0 0 0 0 0 1 0 1 0 0 1 0 1 1 0 0 1 0 0 0 1 1 0 1],[1. 1. 1. 1. 1. 1. 1.],[1. 1. 1. 1. 1. 1. 1.]
859,Egreedy,1,859,4.5/2.25,0.033315181732177734,82.35975956916809,None,17,[0 0 0 0 0 0 2 0 0 0 0 2 0 0 0 0 0 0 0 0 0 0 0 1 1 1 1],[1. 1. 1. 1. 1. 1. 1.],[1. 1. 1. 1. 1. 1. 1.]
860,Egreedy,1,860,4.5/2.25,0.09045624732971191,82.4502158164978,None,26,[0 0 1 1 1 1 2 0 0 0 0 2 0 0 0 0 0 0 0 0 0 0 0 0 0 0 0],[1. 1. 1. 1. 1. 1. 1.],[1. 1. 1. 1. 1. 1. 1.]
861,Egreedy,1,861,4.25/2.5,0.01400899887084961,82.46422481536865,None,2,[0 0 1 1 1 1 0 0 0 0 1 2 0 0 0 0 0 2 0 0 0 0 0 0 0 0 0],[1. 1. 1. 1. 1. 1. 1.],[1. 1. 1. 1. 1. 1. 1.]
862,Egreedy,1,862,3.25/1.5,0.02821040153503418,82.49243521690369,None,18,[1 0 0 0 0 0 2 0 0 0 0 2 0 0 0 0 0 0 0 0 0 0 0 0 0 0 0],[1. 1. 1. 1. 1. 1. 1.],[1. 1. 1. 1. 1. 1. 1.]
863,Egreedy,1,863,2.5/0.75,0.007001399993896484,82.49943661689758,None,1,[1 0 0 0 0 0 0 1 0 0 0 2 0 0 0 0 0 0 0 0 0 0 0 0 0 0 0],[1. 1. 1. 1. 1. 1. 1.],[1. 1. 1. 1. 1. 1. 1.]
864,Egreedy,1,864,2.5/1.25,0.026828289031982422,82.52626490592957,None,4,[1 0 0 0 0 0 0 0 0 0 1 2 0 0 0 0 1 0 0 1 0 0 0 0 0 0 0],[1. 1. 1. 1. 1. 1. 1.],[1. 1. 1. 1. 1. 1. 1.]
865,Egreedy,1,865,4.5/4.25,0.05037045478820801,82.57663536071777,None,22,[0 0 0 0 0 0 2 0 0 0 0 0 0 0 0 0 0 0 1 1 1 1 2 0 0 0 0],[1. 1. 1. 1. 1. 1. 1.],[1. 1. 1. 1. 1. 1. 1.]
866,Egreedy,1,866,3.5/3.25,0.0066738128662109375,82.58330917358398,None,1,[0 0 0 0 0 0 0 0 0 0 0 0 0 0 0 0 0 0 1 1 1 1 2 0 0 0 0],[1. 1. 1. 1. 1. 1. 1.],[1. 1. 1. 1. 1. 1. 1.]
867,Egreedy,1,867,4.25/3.5,0.03358864784240723,82.61689782142639,None,5,[0 0 0 1 0 0 0 0 0 1 0 0 0 0 1 1 0 0 1 1 1 0 2 0 0 0 0],[1. 1. 1. 1. 1. 1. 1.],[1. 1. 1. 1. 1. 1. 1.]
868,Egreedy,1,868,5.0/2.25,0.01348114013671875,82.63037896156311,None,2,[0 0 0 1 0 0 0 0 0 1 0 2 0 0 1 1 0 0 1 1 0 0 2 0 0 0 0],[1. 1. 1. 1. 1. 1. 1.],[1. 1. 1. 1. 1. 1. 1.]
869,Egreedy,1,869,4.0/1.25,0.006791114807128906,82.63717007637024,None,1,[0 0 0 1 0 0 0 0 0 1 0 2 0 0 1 1 0 0 1 1 0 0 0 0 0 0 0],[1. 1. 1. 1. 1. 1. 1.],[1. 1. 1. 1. 1. 1. 1.]
870,Egreedy,1,870,5.0/2.25,0.014098644256591797,82.65126872062683,None,2,[0 0 0 1 0 0 2 0 0 0 0 2 0 1 1 1 0 0 1 1 0 0 0 0 0 0 0],[1. 1. 1. 1. 1. 1. 1.],[1. 1. 1. 1. 1. 1. 1.]
871,Egreedy,1,871,5.0/2.25,0.020775318145751953,82.67204403877258,None,3,[0 0 0 1 0 0 2 0 0 0 0 2 0 1 0 1 1 0 1 1 0 0 0 0 0 0 0],[1. 1. 1. 1. 1. 1. 1.],[1. 1. 1. 1. 1. 1. 1.]
872,Egreedy,1,872,4.5/3.75,0.03771066665649414,82.70975470542908,None,21,[0 0 0 0 0 0 2 0 0 0 0 0 0 1 1 1 1 0 0 0 0 0 2 0 0 0 0],[1. 1. 1. 1. 1. 1. 1.],[1. 1. 1. 1. 1. 1. 1.]
873,Egreedy,1,873,3.75/3.0,0.09144926071166992,82.80120396614075,None,13,[0 0 0 0 0 0 2 0 0 0 0 0 0 1 1 1 1 0 0 0 0 0 0 0 0 0 1],[1. 1. 1. 1. 1. 1. 1.],[1. 1. 1. 1. 1. 1. 1.]
874,Egreedy,1,874,2.5/4.25,0.061991214752197266,82.86319518089294,None,28,[0 2 0 0 0 0 0 0 0 0 0 0 0 0 0 0 0 2 0 0 0 0 0 1 1 1 1],[1. 1. 1. 1. 1. 1. 1.],[1. 1. 1. 1. 1. 1. 1.]
875,Egreedy,1,875,2.0/4.25,0.04218769073486328,82.90538287162781,None,26,[0 2 0 0 0 0 0 1 1 1 1 0 0 0 0 0 0 2 0 0 0 0 0 0 0 0 0],[1. 1. 1. 1. 1. 1. 1.],[1. 1. 1. 1. 1. 1. 1.]
876,Egreedy,1,876,1.25/3.5,0.035749197006225586,82.94113206863403,None,26,[1 2 0 0 0 0 0 0 0 0 0 0 0 0 0 0 0 2 0 0 0 0 0 0 0 0 0],[1. 1. 1. 1. 1. 1. 1.],[1. 1. 1. 1. 1. 1. 1.]
877,Egreedy,1,877,2.0/4.25,0.04609417915344238,82.98722624778748,None,30,[0 2 0 0 0 0 0 1 1 1 1 0 2 0 0 0 0 0 0 0 0 0 0 0 0 0 0],[1. 1. 1. 1. 1. 1. 1.],[1. 1. 1. 1. 1. 1. 1.]
878,Egreedy,1,878,4.5/2.75,0.041254520416259766,83.02848076820374,None,6,[0 0 0 0 1 0 0 1 1 1 1 2 2 0 0 0 0 0 0 0 0 0 0 0 1 0 0],[1. 1. 1. 1. 1. 1. 1.],[1. 1. 1. 1. 1. 1. 1.]
879,Egreedy,1,879,4.25/2.5,0.0067255496978759766,83.03520631790161,None,1,[0 0 0 0 1 0 0 1 1 0 1 2 2 0 0 0 0 0 0 0 0 0 0 0 1 0 0],[1. 1. 1. 1. 1. 1. 1.],[1. 1. 1. 1. 1. 1. 1.]
880,Egreedy,1,880,1.25/3.5,0.04702305793762207,83.08222937583923,None,31,[1 2 0 0 0 0 0 0 0 0 0 0 2 0 0 0 0 0 0 0 0 0 0 0 0 0 0],[1. 1. 1. 1. 1. 1. 1.],[1. 1. 1. 1. 1. 1. 1.]
881,Egreedy,1,881,2.5/1.75,0.056632041931152344,83.13886141777039,None,34,[0 2 0 0 0 0 0 0 0 0 0 2 0 1 1 1 1 0 0 0 0 0 0 0 0 0 0],[1. 1. 1. 1. 1. 1. 1.],[1. 1. 1. 1. 1. 1. 1.]
882,Egreedy,1,882,2.0/2.25,0.05834460258483887,83.19720602035522,None,36,[0 2 0 0 0 0 0 1 1 1 1 2 0 0 0 0 0 0 0 0 0 0 0 0 0 0 0],[1. 1. 1. 1. 1. 1. 1.],[1. 1. 1. 1. 1. 1. 1.]
883,Egreedy,1,883,3.25/1.5,0.02627873420715332,83.22348475456238,None,4,[0 0 0 0 0 0 0 1 1 1 1 2 0 0 0 0 1 0 0 0 0 0 0 0 0 0 0],[1. 1. 1. 1. 1. 1. 1.],[1. 1. 1. 1. 1. 1. 1.]
884,Egreedy,1,884,1.25/1.5,0.08655142784118652,83.31003618240356,None,41,[1 2 0 0 0 0 0 0 0 0 0 2 0 0 0 0 0 0 0 0 0 0 0 0 0 0 0],[1. 1. 1. 1. 1. 1. 1.],[1. 1. 1. 1. 1. 1. 1.]
885,Egreedy,1,885,2.5/0.75,0.0070667266845703125,83.31710290908813,None,1,[1 0 0 0 1 0 0 0 0 0 0 2 0 0 0 0 0 0 0 0 0 0 0 0 0 0 0],[1. 1. 1. 1. 1. 1. 1.],[1. 1. 1. 1. 1. 1. 1.]
886,Egreedy,1,886,2.0/4.25,0.08348274230957031,83.4005856513977,None,43,[0 2 0 0 0 0 0 1 1 1 1 0 0 0 0 0 0 0 0 0 0 0 2 0 0 0 0],[1. 1. 1. 1. 1. 1. 1.],[1. 1. 1. 1. 1. 1. 1.]
887,Egreedy,1,887,1.25/3.5,0.026019573211669922,83.42660522460938,None,4,[0 2 0 0 0 0 0 1 1 1 1 0 0 0 0 0 1 0 0 0 0 0 0 0 0 0 0],[1. 1. 1. 1. 1. 1. 1.],[1. 1. 1. 1. 1. 1. 1.]
888,Egreedy,1,888,2.0/4.25,0.028592348098754883,83.45519757270813,None,4,[0 2 0 0 0 0 0 1 1 0 1 0 2 0 0 0 0 0 0 0 0 0 0 1 0 0 0],[1. 1. 1. 1. 1. 1. 1.],[1. 1. 1. 1. 1. 1. 1.]
889,Egreedy,1,889,3.0/3.25,0.007381916046142578,83.46257948875427,None,1,[0 0 0 0 0 0 0 1 1 0 1 0 2 0 0 0 0 0 0 0 0 0 0 1 0 0 0],[1. 1. 1. 1. 1. 1. 1.],[1. 1. 1. 1. 1. 1. 1.]
890,Egreedy,1,890,4.25/4.0,0.04381608963012695,83.5063955783844,None,6,[0 0 0 0 0 0 2 0 0 0 0 0 2 0 0 0 0 0 0 0 0 0 0 1 1 0 1],[1. 1. 1. 1. 1. 1. 1.],[1. 1. 1. 1. 1. 1. 1.]
891,Egreedy,1,891,4.5/4.25,0.06761360168457031,83.57400918006897,None,43,[0 0 1 1 1 1 0 0 0 0 0 0 2 0 0 0 0 2 0 0 0 0 0 0 0 0 0],[1. 1. 1. 1. 1. 1. 1.],[1. 1. 1. 1. 1. 1. 1.]
892,Egreedy,1,892,3.75/4.0,0.1598505973815918,83.73385977745056,None,23,[1 0 1 0 1 0 0 1 0 0 0 0 0 0 0 0 0 2 0 0 0 0 0 1 1 1 0],[1. 1. 1. 1. 1. 1. 1.],[1. 1. 1. 1. 1. 1. 1.]
893,Egreedy,1,893,5.0/4.75,0.04948115348815918,83.78334093093872,None,7,[0 0 1 0 1 0 2 0 0 0 0 0 2 0 0 0 0 0 0 0 1 0 0 1 1 1 0],[1. 1. 1. 1. 1. 1. 1.],[1. 1. 1. 1. 1. 1. 1.]
894,Egreedy,1,894,4.5/1.75,0.0703575611114502,83.85369849205017,None,46,[0 0 0 0 0 0 0 0 0 0 0 2 0 1 1 1 1 2 0 0 0 0 0 0 0 0 0],[1. 1. 1. 1. 1. 1. 1.],[1. 1. 1. 1. 1. 1. 1.]
895,Egreedy,1,895,3.0/2.75,0.03271651268005371,83.88641500473022,None,5,[1 0 0 0 0 0 0 0 0 0 0 0 0 0 1 1 1 2 0 0 0 0 0 0 0 0 0],[1. 1. 1. 1. 1. 1. 1.],[1. 1. 1. 1. 1. 1. 1.]
896,Egreedy,1,896,4.5/2.25,0.07648372650146484,83.96289873123169,None,48,[0 0 0 0 0 0 0 0 0 0 0 2 0 0 0 0 0 2 0 0 0 0 0 1 1 1 1],[1. 1. 1. 1. 1. 1. 1.],[1. 1. 1. 1. 1. 1. 1.]
897,Egreedy,1,897,3.75/1.5,0.0073015689849853516,83.97020030021667,None,1,[0 0 0 0 0 0 0 0 0 0 0 2 0 0 0 0 0 0 0 0 1 0 0 1 1 1 1],[1. 1. 1. 1. 1. 1. 1.],[1. 1. 1. 1. 1. 1. 1.]
898,Egreedy,1,898,3.75/1.5,0.013196945190429688,83.9833972454071,None,2,[0 0 0 0 0 0 0 0 0 0 0 2 0 0 0 0 0 0 0 0 1 1 0 1 1 1 0],[1. 1. 1. 1. 1. 1. 1.],[1. 1. 1. 1. 1. 1. 1.]
899,Egreedy,1,899,4.75/2.5,0.020555496215820312,84.00395274162292,None,3,[0 0 1 0 0 0 0 0 0 0 0 2 0 1 0 0 0 2 0 0 0 0 0 1 1 1 0],[1. 1. 1. 1. 1. 1. 1.],[1. 1. 1. 1. 1. 1. 1.]
900,Egreedy,1,900,4.75/2.5,0.02054762840270996,84.02450037002563,None,3,[0 0 1 0 0 0 0 0 0 1 0 2 0 1 0 0 0 2 0 0 0 0 0 1 0 1 0],[1. 1. 1. 1. 1. 1. 1.],[1. 1. 1. 1. 1. 1. 1.]
901,Egreedy,1,901,4.5/2.25,0.05795788764953613,84.08245825767517,None,46,[0 0 1 1 1 1 0 0 0 0 0 2 0 0 0 0 0 2 0 0 0 0 0 0 0 0 0],[1. 1. 1. 1. 1. 1. 1.],[1. 1. 1. 1. 1. 1. 1.]
902,Egreedy,1,902,5.0/3.25,0.047542572021484375,84.13000082969666,None,7,[0 0 1 1 0 1 0 1 1 1 1 2 0 0 0 0 0 2 0 0 0 0 0 0 0 1 0],[1. 1. 1. 1. 1. 1. 1.],[1. 1. 1. 1. 1. 1. 1.]
903,Egreedy,1,903,4.75/3.0,0.015013933181762695,84.14501476287842,None,2,[0 0 1 1 0 1 0 1 0 1 1 2 0 0 0 0 0 2 0 0 0 0 0 0 0 1 0],[1. 1. 1. 1. 1. 1. 1.],[1. 1. 1. 1. 1. 1. 1.]
904,Egreedy,1,904,4.5/2.75,0.006996870040893555,84.15201163291931,None,1,[0 0 0 1 0 1 0 1 0 1 1 2 0 0 0 0 0 2 0 0 0 0 0 0 0 1 0],[1. 1. 1. 1. 1. 1. 1.],[1. 1. 1. 1. 1. 1. 1.]
905,Egreedy,1,905,4.0/2.25,0.1248936653137207,84.27690529823303,None,56,[0 0 0 0 0 0 0 1 1 1 1 2 0 0 0 0 0 2 0 0 0 0 0 0 0 0 0],[1. 1. 1. 1. 1. 1. 1.],[1. 1. 1. 1. 1. 1. 1.]
906,Egreedy,1,906,4.75/2.5,0.06946611404418945,84.34637141227722,None,10,[0 0 0 0 1 1 0 1 0 1 1 2 0 0 0 1 0 2 0 0 0 0 0 1 0 0 0],[1. 1. 1. 1. 1. 1. 1.],[1. 1. 1. 1. 1. 1. 1.]
907,Egreedy,1,907,5.5/2.75,0.007498741149902344,84.35387015342712,None,1,[0 0 0 0 1 1 2 0 0 0 0 2 0 0 0 1 0 2 0 0 0 0 0 1 0 0 0],[1. 1. 1. 1. 1. 1. 1.],[1. 1. 1. 1. 1. 1. 1.]
908,Egreedy,1,908,5.25/2.5,0.006760120391845703,84.36063027381897,None,1,[0 0 0 0 1 1 2 0 0 0 0 2 0 0 0 1 0 2 0 0 0 0 0 0 0 0 0],[1. 1. 1. 1. 1. 1. 1.],[1. 1. 1. 1. 1. 1. 1.]
909,Egreedy,1,909,3.25/1.5,0.16597747802734375,84.52660775184631,None,63,[1 0 0 0 0 0 0 0 0 0 0 2 0 0 0 0 0 2 0 0 0 0 0 0 0 0 0],[1. 1. 1. 1. 1. 1. 1.],[1. 1. 1. 1. 1. 1. 1.]
910,Egreedy,1,910,3.0/1.25,0.05382585525512695,84.58043360710144,None,8,[1 0 0 0 0 0 0 0 0 0 0 2 0 0 0 0 0 0 0 0 0 1 0 0 1 1 0],[1. 1. 1. 1. 1. 1. 1.],[1. 1. 1. 1. 1. 1. 1.]
911,Egreedy,1,911,2.75/1.0,0.006649971008300781,84.58708357810974,None,1,[1 0 0 0 0 0 0 0 0 0 0 2 0 0 0 0 0 0 0 0 0 1 0 0 0 1 0],[1. 1. 1. 1. 1. 1. 1.],[1. 1. 1. 1. 1. 1. 1.]
912,Egreedy,1,912,3.25/1.5,0.02685379981994629,84.61393737792969,None,4,[1 0 0 0 0 0 0 0 0 1 0 2 0 0 0 0 0 0 0 1 0 1 0 0 1 0 0],[1. 1. 1. 1. 1. 1. 1.],[1. 1. 1. 1. 1. 1. 1.]
913,Egreedy,1,913,2.75/1.5,0.013240337371826172,84.62717771530151,None,2,[1 0 0 0 0 0 0 0 0 1 1 2 0 0 0 0 0 0 0 0 0 1 0 0 1 0 0],[1. 1. 1. 1. 1. 1. 1.],[1. 1. 1. 1. 1. 1. 1.]
914,Egreedy,1,914,3.0/1.25,0.02051997184753418,84.64769768714905,None,3,[1 0 0 0 0 0 0 0 0 0 1 2 0 0 0 1 1 0 0 0 0 1 0 0 1 0 0],[1. 1. 1. 1. 1. 1. 1.],[1. 1. 1. 1. 1. 1. 1.]
915,Egreedy,1,915,4.5/4.25,0.13276147842407227,84.78045916557312,None,60,[0 0 1 1 1 1 0 0 0 0 0 0 0 0 0 0 0 2 0 0 0 0 2 0 0 0 0],[1. 1. 1. 1. 1. 1. 1.],[1. 1. 1. 1. 1. 1. 1.]
916,Egreedy,1,916,4.0/4.25,0.1619281768798828,84.942387342453,None,65,[0 0 0 0 0 0 0 1 1 1 1 0 0 0 0 0 0 2 0 0 0 0 2 0 0 0 0],[1. 1. 1. 1. 1. 1. 1.],[1. 1. 1. 1. 1. 1. 1.]
917,Egreedy,1,917,3.25/3.5,0.0072116851806640625,84.94959902763367,None,1,[0 0 0 0 0 0 0 1 1 1 1 0 0 0 0 0 0 2 0 0 0 0 0 0 0 0 1],[1. 1. 1. 1. 1. 1. 1.],[1. 1. 1. 1. 1. 1. 1.]
918,Egreedy,1,918,3.25/3.0,0.01299905776977539,84.96259808540344,None,2,[0 0 0 0 0 0 0 1 1 0 1 0 0 0 0 1 0 2 0 0 0 0 0 0 0 0 1],[1. 1. 1. 1. 1. 1. 1.],[1. 1. 1. 1. 1. 1. 1.]
919,Egreedy,1,919,3.25/3.0,0.014592647552490234,84.97719073295593,None,2,[0 0 0 0 0 0 0 1 1 0 1 0 0 0 0 1 0 2 0 0 0 0 0 0 1 0 0],[1. 1. 1. 1. 1. 1. 1.],[1. 1. 1. 1. 1. 1. 1.]
920,Egreedy,1,920,4.0/3.75,0.008155107498168945,84.9853458404541,None,1,[0 0 0 0 0 0 0 1 1 0 1 0 0 0 0 1 0 2 0 0 0 0 2 0 0 0 0],[1. 1. 1. 1. 1. 1. 1.],[1. 1. 1. 1. 1. 1. 1.]
921,Egreedy,1,921,3.5/3.25,0.08097434043884277,85.06632018089294,None,11,[0 0 0 0 0 0 0 1 1 0 1 0 0 1 1 1 0 2 0 0 0 0 0 0 0 0 0],[1. 1. 1. 1. 1. 1. 1.],[1. 1. 1. 1. 1. 1. 1.]
922,Egreedy,1,922,4.5/2.25,0.0660715103149414,85.13239169120789,None,53,[0 0 0 0 0 0 0 0 0 0 0 2 2 0 0 0 0 0 1 1 1 1 0 0 0 0 0],[1. 1. 1. 1. 1. 1. 1.],[1. 1. 1. 1. 1. 1. 1.]
923,Egreedy,1,923,3.5/1.25,0.006816864013671875,85.13920855522156,None,1,[0 0 0 0 0 0 0 0 0 0 0 2 0 0 0 0 0 0 1 1 1 1 0 0 0 0 0],[1. 1. 1. 1. 1. 1. 1.],[1. 1. 1. 1. 1. 1. 1.]
924,Egreedy,1,924,3.5/1.75,0.026253223419189453,85.16546177864075,None,4,[1 0 0 0 0 0 0 0 0 0 0 2 0 0 0 0 1 0 1 1 0 1 0 0 0 0 1],[1. 1. 1. 1. 1. 1. 1.],[1. 1. 1. 1. 1. 1. 1.]
925,Egreedy,1,925,3.25/1.5,0.006487846374511719,85.17194962501526,None,1,[1 0 0 0 0 0 0 0 0 0 0 2 0 0 0 0 1 0 0 1 0 1 0 0 0 0 1],[1. 1. 1. 1. 1. 1. 1.],[1. 1. 1. 1. 1. 1. 1.]
926,Egreedy,1,926,4.5/2.25,0.08479928970336914,85.25674891471863,None,57,[0 0 1 1 1 1 0 0 0 0 0 2 2 0 0 0 0 0 0 0 0 0 0 0 0 0 0],[1. 1. 1. 1. 1. 1. 1.],[1. 1. 1. 1. 1. 1. 1.]
927,Egreedy,1,927,4.5/2.25,0.020340919494628906,85.27708983421326,None,3,[0 0 1 0 1 1 0 0 0 0 0 2 2 0 0 0 0 0 0 1 0 0 0 0 0 0 0],[1. 1. 1. 1. 1. 1. 1.],[1. 1. 1. 1. 1. 1. 1.]
928,Egreedy,1,928,4.25/2.0,0.0063784122467041016,85.28346824645996,None,1,[0 0 1 0 1 1 0 0 0 0 0 2 2 0 0 0 0 0 0 0 0 0 0 0 0 0 0],[1. 1. 1. 1. 1. 1. 1.],[1. 1. 1. 1. 1. 1. 1.]
929,Egreedy,1,929,4.0/2.25,0.11204361915588379,85.39551186561584,None,62,[0 0 0 0 0 0 0 1 1 1 1 2 2 0 0 0 0 0 0 0 0 0 0 0 0 0 0],[1. 1. 1. 1. 1. 1. 1.],[1. 1. 1. 1. 1. 1. 1.]
930,Egreedy,1,930,4.0/2.25,0.013289213180541992,85.40880107879639,None,2,[0 0 0 0 0 0 0 1 1 1 1 2 0 0 0 0 0 0 0 0 0 0 2 0 0 0 0],[1. 1. 1. 1. 1. 1. 1.],[1. 1. 1. 1. 1. 1. 1.]
931,Egreedy,1,931,3.25/1.5,0.09092044830322266,85.49972152709961,None,60,[1 0 0 0 0 0 0 0 0 0 0 2 2 0 0 0 0 0 0 0 0 0 0 0 0 0 0],[1. 1. 1. 1. 1. 1. 1.],[1. 1. 1. 1. 1. 1. 1.]
932,Egreedy,1,932,4.5/1.75,0.11968183517456055,85.61940336227417,None,69,[0 0 0 0 0 0 0 0 0 0 0 2 0 1 1 1 1 0 0 0 0 0 2 0 0 0 0],[1. 1. 1. 1. 1. 1. 1.],[1. 1. 1. 1. 1. 1. 1.]
933,Egreedy,1,933,3.75/1.0,0.0636594295501709,85.68306279182434,None,9,[0 0 0 0 1 0 0 0 0 0 0 2 0 1 1 1 1 0 0 0 0 0 0 0 0 0 0],[1. 1. 1. 1. 1. 1. 1.],[1. 1. 1. 1. 1. 1. 1.]
934,Egreedy,1,934,4.5/2.25,0.08771848678588867,85.77078127861023,None,65,[0 0 1 1 1 1 0 0 0 0 0 2 0 0 0 0 0 0 0 0 0 0 2 0 0 0 0],[1. 1. 1. 1. 1. 1. 1.],[1. 1. 1. 1. 1. 1. 1.]
935,Egreedy,1,935,4.25/2.0,0.006440401077270508,85.7772216796875,None,1,[0 0 1 1 0 1 0 0 0 0 0 2 0 0 0 0 0 0 0 0 0 0 2 0 0 0 0],[1. 1. 1. 1. 1. 1. 1.],[1. 1. 1. 1. 1. 1. 1.]
936,Egreedy,1,936,3.5/3.25,5.209658861160278,90.98688054084778,None,4353,[0 0 0 0 0 0 2 0 0 0 0 0 0 0 0 0 0 0 1 1 1 1 0 0 0 0 0],[1. 1. 1. 1. 1. 1. 1.],[1. 1. 1. 1. 1. 1. 1.]
937,Egreedy,1,937,3.25/3.0,0.008983850479125977,90.9958643913269,None,3,[0 0 0 0 0 0 2 0 0 0 0 0 0 0 0 0 0 0 0 1 1 1 0 0 0 0 0],[1. 1. 1. 1. 1. 1. 1.],[1. 1. 1. 1. 1. 1. 1.]
938,Egreedy,1,938,3.0/2.75,0.02821636199951172,91.02408075332642,None,4,[1 0 0 0 0 0 2 0 0 0 0 0 0 0 0 1 0 0 0 0 1 1 0 0 0 0 0],[1. 1. 1. 1. 1. 1. 1.],[1. 1. 1. 1. 1. 1. 1.]
939,Egreedy,1,939,3.25/3.0,0.017177581787109375,91.04125833511353,None,5,[0 0 0 0 0 0 2 0 0 0 0 0 0 0 0 0 0 0 1 0 1 1 0 0 0 0 0],[1. 1. 1. 1. 1. 1. 1.],[1. 1. 1. 1. 1. 1. 1.]
940,Egreedy,1,940,3.0/2.75,0.006579875946044922,91.04783821105957,None,1,[0 0 0 0 0 0 2 0 0 0 0 0 0 0 0 0 0 0 1 0 1 0 0 0 0 0 0],[1. 1. 1. 1. 1. 1. 1.],[1. 1. 1. 1. 1. 1. 1.]
941,Egreedy,1,941,1.0/2.75,0.021554946899414062,91.06939315795898,None,3,[0 2 0 0 0 0 0 0 0 0 0 0 0 0 0 0 0 0 1 0 1 0 0 0 0 0 0],[1. 1. 1. 1. 1. 1. 1.],[1. 1. 1. 1. 1. 1. 1.]
942,Egreedy,1,942,3.25/3.0,0.011285543441772461,91.08067870140076,None,5,[0 0 0 0 0 0 2 0 0 0 0 0 0 0 0 0 0 0 1 1 0 1 0 0 0 0 0],[1. 1. 1. 1. 1. 1. 1.],[1. 1. 1. 1. 1. 1. 1.]
943,Egreedy,1,943,3.0/2.75,0.05637717247009277,91.13705587387085,None,13,[0 0 0 0 0 0 2 0 0 0 0 0 0 0 0 0 0 0 0 0 1 1 0 0 0 0 0],[1. 1. 1. 1. 1. 1. 1.],[1. 1. 1. 1. 1. 1. 1.]
944,Egreedy,1,944,3.0/2.75,0.06109189987182617,91.19814777374268,None,14,[0 0 0 0 0 0 2 0 0 0 0 0 0 0 0 0 0 0 0 1 0 1 0 0 0 0 0],[1. 1. 1. 1. 1. 1. 1.],[1. 1. 1. 1. 1. 1. 1.]
945,Egreedy,1,945,3.0/2.75,0.022002696990966797,91.22015047073364,None,10,[0 0 0 0 0 0 2 0 0 0 0 0 0 0 0 0 0 0 1 0 0 1 0 0 0 0 0],[1. 1. 1. 1. 1. 1. 1.],[1. 1. 1. 1. 1. 1. 1.]
946,Egreedy,1,946,3.0/2.75,0.028786659240722656,91.24893712997437,None,12,[0 0 0 0 0 0 2 0 0 0 0 0 0 0 0 0 0 0 0 1 1 0 0 0 0 0 0],[1. 1. 1. 1. 1. 1. 1.],[1. 1. 1. 1. 1. 1. 1.]
947,Egreedy,1,947,5.5/5.25,0.0695185661315918,91.31845569610596,None,10,[0 0 1 1 0 1 2 0 0 0 0 0 0 1 0 0 0 2 0 0 0 0 2 0 0 0 0],[1. 1. 1. 1. 1. 1. 1.],[1. 1. 1. 1. 1. 1. 1.]
948,Egreedy,1,948,3.0/2.75,0.06687021255493164,91.38532590866089,None,19,[0 0 0 0 0 0 2 0 0 0 0 0 0 0 0 0 0 0 1 1 0 0 0 0 0 0 0],[1. 1. 1. 1. 1. 1. 1.],[1. 1. 1. 1. 1. 1. 1.]
949,Egreedy,1,949,2.75/2.5,0.024493694305419922,91.40981960296631,None,14,[0 0 0 0 0 0 2 0 0 0 0 0 0 0 0 0 0 0 0 0 0 1 0 0 0 0 0],[1. 1. 1. 1. 1. 1. 1.],[1. 1. 1. 1. 1. 1. 1.]
950,Egreedy,1,950,2.75/2.5,0.03895068168640137,91.44877028465271,None,17,[0 0 0 0 0 0 2 0 0 0 0 0 0 0 0 0 0 0 0 0 1 0 0 0 0 0 0],[1. 1. 1. 1. 1. 1. 1.],[1. 1. 1. 1. 1. 1. 1.]
951,Egreedy,1,951,2.75/2.5,0.027552366256713867,91.47632265090942,None,4,[0 0 0 0 0 0 0 0 0 0 0 0 0 0 0 0 0 2 0 0 0 0 0 0 0 1 0],[1. 1. 1. 1. 1. 1. 1.],[1. 1. 1. 1. 1. 1. 1.]
952,Egreedy,1,952,2.75/2.5,0.019983291625976562,91.4963059425354,None,15,[0 0 0 0 0 0 2 0 0 0 0 0 0 0 0 0 0 0 0 1 0 0 0 0 0 0 0],[1. 1. 1. 1. 1. 1. 1.],[1. 1. 1. 1. 1. 1. 1.]
953,Egreedy,1,953,2.75/2.5,0.013725042343139648,91.51003098487854,None,2,[0 0 0 0 0 0 0 0 0 0 0 0 0 0 0 0 0 2 0 0 0 0 0 1 0 0 0],[1. 1. 1. 1. 1. 1. 1.],[1. 1. 1. 1. 1. 1. 1.]
954,Egreedy,1,954,2.75/2.5,0.007325172424316406,91.51735615730286,None,1,[0 0 0 0 0 0 0 0 1 0 0 0 0 0 0 0 0 2 0 0 0 0 0 0 0 0 0],[1. 1. 1. 1. 1. 1. 1.],[1. 1. 1. 1. 1. 1. 1.]
955,Egreedy,1,955,3.0/2.75,0.047985076904296875,91.56534123420715,None,7,[0 0 0 0 1 0 0 0 1 0 0 0 0 0 0 0 0 0 0 0 0 0 2 0 0 0 0],[1. 1. 1. 1. 1. 1. 1.],[1. 1. 1. 1. 1. 1. 1.]
956,Egreedy,1,956,2.75/2.5,0.04089045524597168,91.60623168945312,None,19,[0 0 0 0 0 0 2 0 0 0 0 0 0 0 0 0 0 0 1 0 0 0 0 0 0 0 0],[1. 1. 1. 1. 1. 1. 1.],[1. 1. 1. 1. 1. 1. 1.]
957,Egreedy,1,957,3.5/2.75,0.02200794219970703,91.62823963165283,None,17,[0 0 0 0 0 0 2 0 0 0 0 0 0 1 1 1 1 0 0 0 0 0 0 0 0 0 0],[1. 1. 1. 1. 1. 1. 1.],[1. 1. 1. 1. 1. 1. 1.]
958,Egreedy,1,958,3.5/0.75,0.007807731628417969,91.63604736328125,None,1,[0 0 0 0 0 0 0 0 0 0 0 2 0 1 1 1 1 0 0 0 0 0 0 0 0 0 0],[1. 1. 1. 1. 1. 1. 1.],[1. 1. 1. 1. 1. 1. 1.]
959,Egreedy,1,959,4.0/1.75,0.020514249801635742,91.65656161308289,None,3,[0 0 0 0 0 0 0 0 0 0 0 2 2 0 0 0 0 0 0 0 0 1 0 0 0 0 1],[1. 1. 1. 1. 1. 1. 1.],[1. 1. 1. 1. 1. 1. 1.]
960,Egreedy,1,960,3.25/2.5,0.05189108848571777,91.7084527015686,None,22,[0 0 0 0 0 0 2 0 0 0 0 0 0 0 1 1 1 0 0 0 0 0 0 0 0 0 0],[1. 1. 1. 1. 1. 1. 1.],[1. 1. 1. 1. 1. 1. 1.]
961,Egreedy,1,961,3.25/2.5,0.014467954635620117,91.72292065620422,None,2,[0 0 0 0 1 0 2 0 0 0 0 0 0 0 0 1 1 0 0 0 0 0 0 0 0 0 0],[1. 1. 1. 1. 1. 1. 1.],[1. 1. 1. 1. 1. 1. 1.]
962,Egreedy,1,962,3.0/2.25,0.007437944412231445,91.73035860061646,None,1,[0 0 0 0 0 0 2 0 0 0 0 0 0 0 0 1 1 0 0 0 0 0 0 0 0 0 0],[1. 1. 1. 1. 1. 1. 1.],[1. 1. 1. 1. 1. 1. 1.]
963,Egreedy,1,963,3.25/3.0,0.08534955978393555,91.81570816040039,None,29,[0 0 0 0 0 0 2 0 0 0 0 0 0 1 1 0 1 0 0 0 0 0 0 0 0 0 0],[1. 1. 1. 1. 1. 1. 1.],[1. 1. 1. 1. 1. 1. 1.]
964,Egreedy,1,964,3.5/3.25,0.0613861083984375,91.87709426879883,None,9,[0 0 0 0 1 0 0 0 0 0 0 0 2 0 0 0 0 0 0 1 0 0 0 0 1 0 1],[1. 1. 1. 1. 1. 1. 1.],[1. 1. 1. 1. 1. 1. 1.]
965,Egreedy,1,965,3.25/2.5,0.08138847351074219,91.95848274230957,None,29,[0 0 0 0 0 0 2 0 0 0 0 0 0 1 1 1 0 0 0 0 0 0 0 0 0 0 0],[1. 1. 1. 1. 1. 1. 1.],[1. 1. 1. 1. 1. 1. 1.]
966,Egreedy,1,966,3.25/2.5,0.020896196365356445,91.97937893867493,None,3,[0 0 0 0 0 0 0 0 0 0 0 0 0 1 1 1 0 0 0 0 0 0 2 0 0 0 0],[1. 1. 1. 1. 1. 1. 1.],[1. 1. 1. 1. 1. 1. 1.]
967,Egreedy,1,967,3.5/2.75,0.013943910598754883,91.99332284927368,None,2,[0 0 0 0 1 0 0 0 0 0 0 0 0 1 1 1 0 2 0 0 0 0 0 0 0 0 0],[1. 1. 1. 1. 1. 1. 1.],[1. 1. 1. 1. 1. 1. 1.]
968,Egreedy,1,968,3.0/2.75,0.06292247772216797,92.05624532699585,None,28,[0 0 0 0 0 0 2 0 0 0 0 0 0 0 1 0 1 0 0 0 0 0 0 0 0 0 0],[1. 1. 1. 1. 1. 1. 1.],[1. 1. 1. 1. 1. 1. 1.]
969,Egreedy,1,969,4.5/4.25,0.07118940353393555,92.12743473052979,None,10,[0 0 1 0 0 1 2 0 0 0 0 0 0 1 0 0 1 2 0 0 0 0 0 0 0 0 0],[1. 1. 1. 1. 1. 1. 1.],[1. 1. 1. 1. 1. 1. 1.]
970,Egreedy,1,970,3.25/3.5,0.013724565505981445,92.14115929603577,None,2,[1 0 1 0 0 1 0 0 0 0 0 0 0 1 0 0 1 2 0 0 0 0 0 0 0 0 0],[1. 1. 1. 1. 1. 1. 1.],[1. 1. 1. 1. 1. 1. 1.]
971,Egreedy,1,971,3.0/2.75,0.05044221878051758,92.19160151481628,None,27,[0 0 0 0 0 0 2 0 0 0 0 0 0 1 0 0 1 0 0 0 0 0 0 0 0 0 0],[1. 1. 1. 1. 1. 1. 1.],[1. 1. 1. 1. 1. 1. 1.]
972,Egreedy,1,972,3.0/2.75,0.013431310653686523,92.20503282546997,None,2,[0 0 1 0 0 0 2 0 0 0 0 0 0 0 0 0 1 0 0 0 0 0 0 0 0 0 0],[1. 1. 1. 1. 1. 1. 1.],[1. 1. 1. 1. 1. 1. 1.]
973,Egreedy,1,973,3.0/0.75,0.007593870162963867,92.21262669563293,None,1,[0 0 1 0 0 0 0 0 0 0 0 2 0 0 0 0 1 0 0 0 0 0 0 0 0 0 0],[1. 1. 1. 1. 1. 1. 1.],[1. 1. 1. 1. 1. 1. 1.]
974,Egreedy,1,974,3.0/2.25,0.05180239677429199,92.26442909240723,None,28,[0 0 0 0 0 0 2 0 0 0 0 0 0 0 1 1 0 0 0 0 0 0 0 0 0 0 0],[1. 1. 1. 1. 1. 1. 1.],[1. 1. 1. 1. 1. 1. 1.]
975,Egreedy,1,975,1.75/3.0,0.013782501220703125,92.27821159362793,None,2,[0 2 0 0 0 0 2 0 0 0 0 0 0 0 0 1 0 0 0 0 0 0 0 0 0 0 0],[1. 1. 1. 1. 1. 1. 1.],[1. 1. 1. 1. 1. 1. 1.]
976,Egreedy,1,976,1.0/2.25,0.007310152053833008,92.28552174568176,None,1,[0 2 0 0 0 0 0 0 1 0 0 0 0 0 0 1 0 0 0 0 0 0 0 0 0 0 0],[1. 1. 1. 1. 1. 1. 1.],[1. 1. 1. 1. 1. 1. 1.]
977,Egreedy,1,977,1.0/2.25,0.013585805892944336,92.2991075515747,None,2,[0 2 0 0 0 0 0 0 0 0 0 0 0 1 0 1 0 0 0 0 0 0 0 0 0 0 0],[1. 1. 1. 1. 1. 1. 1.],[1. 1. 1. 1. 1. 1. 1.]
978,Egreedy,1,978,0.75/2.5,0.006821632385253906,92.30592918395996,None,1,[0 2 0 0 0 0 0 0 0 0 0 0 0 1 0 0 0 0 0 0 0 0 0 0 0 0 0],[1. 1. 1. 1. 1. 1. 1.],[1. 1. 1. 1. 1. 1. 1.]
979,Egreedy,1,979,3.0/2.25,0.03786063194274902,92.34378981590271,None,27,[0 0 0 0 0 0 2 0 0 0 0 0 0 1 0 1 0 0 0 0 0 0 0 0 0 0 0],[1. 1. 1. 1. 1. 1. 1.],[1. 1. 1. 1. 1. 1. 1.]
980,Egreedy,1,980,3.75/3.5,0.034563302993774414,92.37835311889648,None,5,[0 0 0 0 0 0 2 0 0 0 0 0 2 0 0 0 0 0 0 0 0 0 0 0 0 0 1],[1. 1. 1. 1. 1. 1. 1.],[1. 1. 1. 1. 1. 1. 1.]
981,Egreedy,1,981,3.25/3.0,0.02005290985107422,92.39840602874756,None,3,[0 0 0 1 0 1 0 0 0 0 0 0 2 0 0 0 0 0 0 0 0 0 0 0 0 0 1],[1. 1. 1. 1. 1. 1. 1.],[1. 1. 1. 1. 1. 1. 1.]
982,Egreedy,1,982,3.0/2.75,0.006824493408203125,92.40523052215576,None,1,[0 0 0 0 0 1 0 0 0 0 0 0 2 0 0 0 0 0 0 0 0 0 0 0 0 0 1],[1. 1. 1. 1. 1. 1. 1.],[1. 1. 1. 1. 1. 1. 1.]
983,Egreedy,1,983,3.0/2.75,0.03257465362548828,92.43780517578125,None,27,[0 0 0 0 0 0 2 0 0 0 0 0 0 1 1 0 0 0 0 0 0 0 0 0 0 0 0],[1. 1. 1. 1. 1. 1. 1.],[1. 1. 1. 1. 1. 1. 1.]
984,Egreedy,1,984,2.75/2.5,0.11116242408752441,92.54896759986877,None,39,[0 0 0 0 0 0 2 0 0 0 0 0 0 0 0 0 1 0 0 0 0 0 0 0 0 0 0],[1. 1. 1. 1. 1. 1. 1.],[1. 1. 1. 1. 1. 1. 1.]
985,Egreedy,1,985,2.75/2.0,0.16347789764404297,92.71244549751282,None,46,[0 0 0 0 0 0 2 0 0 0 0 0 0 0 0 1 0 0 0 0 0 0 0 0 0 0 0],[1. 1. 1. 1. 1. 1. 1.],[1. 1. 1. 1. 1. 1. 1.]
986,Egreedy,1,986,4.0/4.25,0.11016178131103516,92.82260727882385,None,16,[1 0 0 1 1 1 0 0 0 0 0 0 2 0 0 0 0 0 0 0 1 1 0 1 0 1 0],[1. 1. 1. 1. 1. 1. 1.],[1. 1. 1. 1. 1. 1. 1.]
987,Egreedy,1,987,3.75/4.0,0.11219024658203125,92.93479752540588,None,16,[1 0 0 1 0 1 0 0 1 1 0 0 2 0 0 0 0 0 0 1 1 0 0 0 0 0 0],[1. 1. 1. 1. 1. 1. 1.],[1. 1. 1. 1. 1. 1. 1.]
988,Egreedy,1,988,3.75/4.0,0.029213666915893555,92.96401119232178,None,4,[1 0 0 1 0 1 0 0 1 1 0 0 2 0 0 0 0 0 0 1 0 0 0 0 0 1 0],[1. 1. 1. 1. 1. 1. 1.],[1. 1. 1. 1. 1. 1. 1.]
989,Egreedy,1,989,3.5/3.75,0.006875753402709961,92.97088694572449,None,1,[1 0 0 1 0 1 0 0 1 1 0 0 2 0 0 0 0 0 0 1 0 0 0 0 0 0 0],[1. 1. 1. 1. 1. 1. 1.],[1. 1. 1. 1. 1. 1. 1.]
990,Egreedy,1,990,3.25/3.5,0.014489889144897461,92.98537683486938,None,2,[1 0 0 0 0 1 0 0 1 1 0 0 2 0 0 0 0 0 0 1 0 0 0 0 0 0 0],[1. 1. 1. 1. 1. 1. 1.],[1. 1. 1. 1. 1. 1. 1.]
991,Egreedy,1,991,2.75/2.5,0.04215264320373535,93.02752947807312,None,31,[0 0 0 0 0 0 2 0 0 0 0 0 0 0 1 0 0 0 0 0 0 0 0 0 0 0 0],[1. 1. 1. 1. 1. 1. 1.],[1. 1. 1. 1. 1. 1. 1.]
992,Egreedy,1,992,2.75/2.5,0.07652950286865234,93.10405898094177,None,37,[0 0 0 0 0 0 2 0 0 0 0 0 0 1 0 0 0 0 0 0 0 0 0 0 0 0 0],[1. 1. 1. 1. 1. 1. 1.],[1. 1. 1. 1. 1. 1. 1.]
993,Egreedy,1,993,3.5/3.25,0.08497810363769531,93.18903708457947,None,39,[0 0 0 0 0 0 2 0 0 0 0 0 0 0 0 0 0 0 0 0 0 0 0 1 1 1 1],[1. 1. 1. 1. 1. 1. 1.],[1. 1. 1. 1. 1. 1. 1.]
994,Egreedy,1,994,3.25/3.0,0.08308768272399902,93.27212476730347,None,39,[0 0 0 0 0 0 2 0 0 0 0 0 0 0 0 0 0 0 0 0 0 0 0 0 1 1 1],[1. 1. 1. 1. 1. 1. 1.],[1. 1. 1. 1. 1. 1. 1.]
995,Egreedy,1,995,3.25/3.0,0.0886690616607666,93.36079382896423,None,41,[0 0 0 0 0 0 2 0 0 0 0 0 0 0 0 0 0 0 0 0 0 0 0 1 0 1 1],[1. 1. 1. 1. 1. 1. 1.],[1. 1. 1. 1. 1. 1. 1.]
996,Egreedy,1,996,3.25/3.0,0.04727530479431152,93.40806913375854,None,36,[0 0 0 0 0 0 2 0 0 0 0 0 0 0 0 0 0 0 0 0 0 0 0 1 1 0 1],[1. 1. 1. 1. 1. 1. 1.],[1. 1. 1. 1. 1. 1. 1.]
997,Egreedy,1,997,3.0/2.75,0.01445317268371582,93.42252230644226,None,2,[0 0 0 0 0 0 2 0 0 0 0 0 0 0 0 0 0 0 0 0 0 0 0 1 1 0 0],[1. 1. 1. 1. 1. 1. 1.],[1. 1. 1. 1. 1. 1. 1.]
998,Egreedy,1,998,3.0/2.75,0.013700246810913086,93.43622255325317,None,2,[0 0 0 0 0 1 2 0 0 0 0 0 0 0 0 0 0 0 0 0 0 0 0 1 0 0 0],[1. 1. 1. 1. 1. 1. 1.],[1. 1. 1. 1. 1. 1. 1.]
999,Egreedy,1,999,2.75/2.5,0.007029294967651367,93.44325184822083,None,1,[0 0 0 0 0 1 2 0 0 0 0 0 0 0 0 0 0 0 0 0 0 0 0 0 0 0 0],[1. 1. 1. 1. 1. 1. 1.],[1. 1. 1. 1. 1. 1. 1.]
1000,Egreedy,1,1000,3.0/2.75,0.04858899116516113,93.49184083938599,None,38,[0 0 0 0 0 0 2 0 0 0 0 0 0 0 0 0 0 0 0 0 0 0 0 0 0 1 1],[1. 1. 1. 1. 1. 1. 1.],[1. 1. 1. 1. 1. 1. 1.]
1001,Egreedy,1,1001,3.0/2.75,0.06304192543029785,93.55488276481628,None,41,[0 0 0 0 0 0 2 0 0 0 0 0 0 0 0 0 0 0 0 0 0 0 0 0 1 0 1],[1. 1. 1. 1. 1. 1. 1.],[1. 1. 1. 1. 1. 1. 1.]
1002,Egreedy,1,1002,2.5/2.25,0.03509950637817383,93.58998227119446,None,5,[0 2 0 0 0 0 0 0 1 0 0 2 0 0 0 0 0 0 0 1 0 0 0 0 1 0 1],[1. 1. 1. 1. 1. 1. 1.],[1. 1. 1. 1. 1. 1. 1.]
1003,Egreedy,1,1003,2.0/2.25,0.02086019515991211,93.61084246635437,None,3,[0 2 0 0 0 0 0 0 0 0 1 2 0 0 0 0 0 0 0 1 0 0 0 0 1 0 1],[1. 1. 1. 1. 1. 1. 1.],[1. 1. 1. 1. 1. 1. 1.]
1004,Egreedy,1,1004,3.0/2.75,0.0643911361694336,93.6752336025238,None,42,[0 0 0 0 0 0 2 0 0 0 0 0 0 0 0 0 0 0 0 0 0 0 0 1 0 0 1],[1. 1. 1. 1. 1. 1. 1.],[1. 1. 1. 1. 1. 1. 1.]
1005,Egreedy,1,1005,2.75/2.5,0.006812334060668945,93.68204593658447,None,1,[0 0 0 0 0 0 2 0 0 0 0 0 0 0 0 0 0 0 0 0 0 0 0 1 0 0 0],[1. 1. 1. 1. 1. 1. 1.],[1. 1. 1. 1. 1. 1. 1.]
1006,Egreedy,1,1006,3.0/2.75,0.059848785400390625,93.74189472198486,None,42,[0 0 0 0 0 0 2 0 0 0 0 0 0 0 0 0 0 0 0 0 0 0 0 0 1 1 0],[1. 1. 1. 1. 1. 1. 1.],[1. 1. 1. 1. 1. 1. 1.]
1007,Egreedy,1,1007,2.75/2.5,0.07539701461791992,93.81729173660278,None,47,[0 0 0 0 0 0 2 0 0 0 0 0 0 0 0 0 0 0 0 0 0 0 0 0 0 0 1],[1. 1. 1. 1. 1. 1. 1.],[1. 1. 1. 1. 1. 1. 1.]
1008,Egreedy,1,1008,2.75/2.5,0.13867926597595215,93.95597100257874,None,57,[0 0 0 0 0 0 2 0 0 0 0 0 0 0 0 0 0 0 0 0 0 0 0 0 0 1 0],[1. 1. 1. 1. 1. 1. 1.],[1. 1. 1. 1. 1. 1. 1.]
1009,Egreedy,1,1009,2.75/2.5,0.08373713493347168,94.0397081375122,None,50,[0 0 0 0 0 0 2 0 0 0 0 0 0 0 0 0 0 0 0 0 0 0 0 0 1 0 0],[1. 1. 1. 1. 1. 1. 1.],[1. 1. 1. 1. 1. 1. 1.]
1010,Egreedy,1,1010,3.25/3.0,0.08557271957397461,94.12528085708618,None,55,[0 0 1 1 1 0 2 0 0 0 0 0 0 0 0 0 0 0 0 0 0 0 0 0 0 0 0],[1. 1. 1. 1. 1. 1. 1.],[1. 1. 1. 1. 1. 1. 1.]
1011,Egreedy,1,1011,3.0/2.75,0.14652562141418457,94.27180647850037,None,66,[0 0 0 1 1 0 2 0 0 0 0 0 0 0 0 0 0 0 0 0 0 0 0 0 0 0 0],[1. 1. 1. 1. 1. 1. 1.],[1. 1. 1. 1. 1. 1. 1.]
1012,Egreedy,1,1012,3.0/2.75,0.0687556266784668,94.34056210517883,None,57,[0 0 1 0 1 0 2 0 0 0 0 0 0 0 0 0 0 0 0 0 0 0 0 0 0 0 0],[1. 1. 1. 1. 1. 1. 1.],[1. 1. 1. 1. 1. 1. 1.]
1013,Egreedy,1,1013,3.0/2.75,0.07743573188781738,94.41799783706665,None,59,[0 0 1 1 0 0 2 0 0 0 0 0 0 0 0 0 0 0 0 0 0 0 0 0 0 0 0],[1. 1. 1. 1. 1. 1. 1.],[1. 1. 1. 1. 1. 1. 1.]
1014,Egreedy,1,1014,3.0/2.75,0.01372838020324707,94.4317262172699,None,2,[0 0 1 1 0 0 0 0 0 0 0 0 2 0 0 0 0 0 0 0 0 0 0 0 0 0 0],[1. 1. 1. 1. 1. 1. 1.],[1. 1. 1. 1. 1. 1. 1.]
1015,Egreedy,1,1015,3.25/3.0,0.021336078643798828,94.4530622959137,None,3,[0 0 0 1 0 0 0 0 0 0 0 0 2 0 0 0 0 0 0 1 0 0 0 1 0 0 0],[1. 1. 1. 1. 1. 1. 1.],[1. 1. 1. 1. 1. 1. 1.]
1016,Egreedy,1,1016,2.75/2.5,0.10901641845703125,94.56207871437073,None,65,[0 0 0 0 1 0 2 0 0 0 0 0 0 0 0 0 0 0 0 0 0 0 0 0 0 0 0],[1. 1. 1. 1. 1. 1. 1.],[1. 1. 1. 1. 1. 1. 1.]
1017,Egreedy,1,1017,2.75/2.5,0.06468677520751953,94.62676548957825,None,60,[0 0 0 1 0 0 2 0 0 0 0 0 0 0 0 0 0 0 0 0 0 0 0 0 0 0 0],[1. 1. 1. 1. 1. 1. 1.],[1. 1. 1. 1. 1. 1. 1.]
1018,Egreedy,1,1018,2.75/2.5,0.16217660903930664,94.78894209861755,None,74,[0 0 1 0 0 0 2 0 0 0 0 0 0 0 0 0 0 0 0 0 0 0 0 0 0 0 0],[1. 1. 1. 1. 1. 1. 1.],[1. 1. 1. 1. 1. 1. 1.]
1019,Egreedy,1,1019,2.25/2.5,0.1305835247039795,94.91952562332153,None,71,[1 0 0 0 0 0 2 0 0 0 0 0 0 0 0 0 0 0 0 0 0 0 0 0 0 0 0],[1. 1. 1. 1. 1. 1. 1.],[1. 1. 1. 1. 1. 1. 1.]
1020,Egreedy,1,1020,2.0/2.75,0.014086246490478516,94.93361186981201,None,2,[1 0 0 0 0 0 0 0 0 0 1 0 0 0 0 0 0 2 0 0 0 0 0 0 0 0 0],[1. 1. 1. 1. 1. 1. 1.],[1. 1. 1. 1. 1. 1. 1.]
1021,Egreedy,1,1021,1.25/3.0,0.09963321685791016,95.03324508666992,None,68,[0 2 0 0 0 0 0 0 0 0 0 0 0 0 0 0 0 0 0 1 1 1 0 0 0 0 0],[1. 1. 1. 1. 1. 1. 1.],[1. 1. 1. 1. 1. 1. 1.]
1022,Egreedy,1,1022,1.0/2.75,0.0068509578704833984,95.0400960445404,None,1,[0 2 0 0 0 0 0 0 0 0 0 0 0 0 0 0 0 0 0 0 1 1 0 0 0 0 0],[1. 1. 1. 1. 1. 1. 1.],[1. 1. 1. 1. 1. 1. 1.]
1023,Egreedy,1,1023,1.0/2.75,0.09030842781066895,95.13040447235107,None,71,[0 2 0 0 0 0 0 0 0 0 0 0 0 0 0 0 0 0 0 1 0 1 0 0 0 0 0],[1. 1. 1. 1. 1. 1. 1.],[1. 1. 1. 1. 1. 1. 1.]
1024,Egreedy,1,1024,1.0/2.75,0.10164904594421387,95.23205351829529,None,73,[0 2 0 0 0 0 0 0 0 0 0 0 0 0 0 0 0 0 1 0 0 1 0 0 0 0 0],[1. 1. 1. 1. 1. 1. 1.],[1. 1. 1. 1. 1. 1. 1.]
1025,Egreedy,1,1025,1.0/2.75,0.0993192195892334,95.33137273788452,None,74,[0 2 0 0 0 0 0 0 0 0 0 0 0 0 0 0 0 0 0 1 1 0 0 0 0 0 0],[1. 1. 1. 1. 1. 1. 1.],[1. 1. 1. 1. 1. 1. 1.]
1026,Egreedy,1,1026,1.0/2.75,0.08027482032775879,95.41164755821228,None,73,[0 2 0 0 0 0 0 0 0 0 0 0 0 0 0 0 0 0 1 1 0 0 0 0 0 0 0],[1. 1. 1. 1. 1. 1. 1.],[1. 1. 1. 1. 1. 1. 1.]
1027,Egreedy,1,1027,1.0/2.75,0.014108896255493164,95.42575645446777,None,2,[0 2 0 0 0 0 0 0 0 0 0 0 0 0 0 0 0 0 0 1 0 0 0 1 0 0 0],[1. 1. 1. 1. 1. 1. 1.],[1. 1. 1. 1. 1. 1. 1.]
1028,Egreedy,1,1028,0.75/2.5,0.11278891563415527,95.53854537010193,None,78,[0 2 0 0 0 0 0 0 0 0 0 0 0 0 0 0 0 0 0 0 0 1 0 0 0 0 0],[1. 1. 1. 1. 1. 1. 1.],[1. 1. 1. 1. 1. 1. 1.]
1029,Egreedy,1,1029,0.75/2.5,0.10308837890625,95.64163374900818,None,78,[0 2 0 0 0 0 0 0 0 0 0 0 0 0 0 0 0 0 0 0 1 0 0 0 0 0 0],[1. 1. 1. 1. 1. 1. 1.],[1. 1. 1. 1. 1. 1. 1.]
1030,Egreedy,1,1030,0.75/2.0,0.007199764251708984,95.64883351325989,None,1,[0 2 0 0 0 0 0 0 0 0 0 0 0 0 0 1 0 0 0 0 0 0 0 0 0 0 0],[1. 1. 1. 1. 1. 1. 1.],[1. 1. 1. 1. 1. 1. 1.]
1031,Egreedy,1,1031,0.75/2.5,0.09068799018859863,95.73952150344849,None,76,[0 2 0 0 0 0 0 0 0 0 0 0 0 0 0 0 0 0 0 1 0 0 0 0 0 0 0],[1. 1. 1. 1. 1. 1. 1.],[1. 1. 1. 1. 1. 1. 1.]
1032,Egreedy,1,1032,0.75/2.5,0.10195517539978027,95.84147667884827,None,79,[0 2 0 0 0 0 0 0 0 0 0 0 0 0 0 0 0 0 1 0 0 0 0 0 0 0 0],[1. 1. 1. 1. 1. 1. 1.],[1. 1. 1. 1. 1. 1. 1.]
1033,Egreedy,1,1033,1.0/2.75,0.14936184883117676,95.99083852767944,None,92,[0 2 0 0 0 0 0 0 0 0 0 0 0 0 1 0 1 0 0 0 0 0 0 0 0 0 0],[1. 1. 1. 1. 1. 1. 1.],[1. 1. 1. 1. 1. 1. 1.]
1034,Egreedy,1,1034,3.25/3.0,0.0217897891998291,96.01262831687927,None,3,[0 0 0 0 1 0 0 0 0 0 0 0 0 0 1 0 1 2 0 0 0 0 0 0 0 0 0],[1. 1. 1. 1. 1. 1. 1.],[1. 1. 1. 1. 1. 1. 1.]
1035,Egreedy,1,1035,2.0/3.75,0.05830955505371094,96.07093787193298,None,8,[0 2 0 0 0 0 0 0 0 1 0 0 0 0 1 0 0 2 0 0 0 0 0 0 0 0 0],[1. 1. 1. 1. 1. 1. 1.],[1. 1. 1. 1. 1. 1. 1.]
1036,Egreedy,1,1036,0.75/2.5,0.10475444793701172,96.17569231987,None,90,[0 2 0 0 0 0 0 0 0 0 0 0 0 0 0 0 1 0 0 0 0 0 0 0 0 0 0],[1. 1. 1. 1. 1. 1. 1.],[1. 1. 1. 1. 1. 1. 1.]
1037,Egreedy,1,1037,0.75/2.5,0.1011195182800293,96.27681183815002,None,91,[0 2 0 0 0 0 0 0 0 0 0 0 0 0 1 0 0 0 0 0 0 0 0 0 0 0 0],[1. 1. 1. 1. 1. 1. 1.],[1. 1. 1. 1. 1. 1. 1.]
1038,Egreedy,1,1038,1.5/3.25,0.1311483383178711,96.4079601764679,None,97,[0 2 0 0 0 0 0 0 0 0 0 0 0 0 0 0 0 0 0 0 0 0 0 1 1 1 1],[1. 1. 1. 1. 1. 1. 1.],[1. 1. 1. 1. 1. 1. 1.]
1039,Egreedy,1,1039,1.25/3.0,0.12402606010437012,96.53198623657227,None,97,[0 2 0 0 0 0 0 0 0 0 0 0 0 0 0 0 0 0 0 0 0 0 0 0 1 1 1],[1. 1. 1. 1. 1. 1. 1.],[1. 1. 1. 1. 1. 1. 1.]
1040,Egreedy,1,1040,1.25/3.0,0.11221981048583984,96.6442060470581,None,96,[0 2 0 0 0 0 0 0 0 0 0 0 0 0 0 0 0 0 0 0 0 0 0 1 0 1 1],[1. 1. 1. 1. 1. 1. 1.],[1. 1. 1. 1. 1. 1. 1.]
1041,Egreedy,1,1041,1.25/3.0,0.220428466796875,96.86463451385498,None,111,[0 2 0 0 0 0 0 0 0 0 0 0 0 0 0 0 0 0 0 0 0 0 0 1 1 0 1],[1. 1. 1. 1. 1. 1. 1.],[1. 1. 1. 1. 1. 1. 1.]
1042,Egreedy,1,1042,3.0/2.75,0.029698848724365234,96.89433336257935,None,4,[0 0 0 0 0 1 0 0 0 0 0 0 0 0 0 0 0 0 0 0 0 1 2 0 0 0 0],[1. 1. 1. 1. 1. 1. 1.],[1. 1. 1. 1. 1. 1. 1.]
1043,Egreedy,1,1043,1.25/3.0,0.1924581527709961,97.08679151535034,None,109,[0 2 0 0 0 0 0 0 0 0 0 0 0 0 0 0 0 0 0 0 0 0 0 1 1 1 0],[1. 1. 1. 1. 1. 1. 1.],[1. 1. 1. 1. 1. 1. 1.]
1044,Egreedy,1,1044,1.0/2.75,0.1930675506591797,97.27985906600952,None,109,[0 2 0 0 0 0 0 0 0 0 0 0 0 0 0 0 0 0 0 0 0 0 0 0 0 1 1],[1. 1. 1. 1. 1. 1. 1.],[1. 1. 1. 1. 1. 1. 1.]
1045,Egreedy,1,1045,2.75/2.5,0.01686692237854004,97.29672598838806,None,2,[0 0 0 1 0 0 0 0 0 0 0 0 0 0 0 0 0 0 0 0 0 0 2 0 0 0 0],[1. 1. 1. 1. 1. 1. 1.],[1. 1. 1. 1. 1. 1. 1.]
1046,Egreedy,1,1046,1.0/2.75,0.13914942741394043,97.435875415802,None,103,[0 2 0 0 0 0 0 0 0 0 0 0 0 0 0 0 0 0 0 0 0 0 0 0 1 0 1],[1. 1. 1. 1. 1. 1. 1.],[1. 1. 1. 1. 1. 1. 1.]
1047,Egreedy,1,1047,1.0/2.75,0.15464138984680176,97.5905168056488,None,106,[0 2 0 0 0 0 0 0 0 0 0 0 0 0 0 0 0 0 0 0 0 0 0 1 0 0 1],[1. 1. 1. 1. 1. 1. 1.],[1. 1. 1. 1. 1. 1. 1.]
1048,Egreedy,1,1048,0.5/2.75,0.021300792694091797,97.6118175983429,None,3,[1 2 0 0 0 0 0 0 0 0 0 0 0 0 0 0 0 0 0 0 0 0 0 0 0 0 1],[1. 1. 1. 1. 1. 1. 1.],[1. 1. 1. 1. 1. 1. 1.]
1049,Egreedy,1,1049,1.0/2.75,0.1142735481262207,97.72609114646912,None,101,[0 2 0 0 0 0 0 0 0 0 0 0 0 0 0 0 0 0 0 0 0 0 0 0 1 1 0],[1. 1. 1. 1. 1. 1. 1.],[1. 1. 1. 1. 1. 1. 1.]
1050,Egreedy,1,1050,1.0/2.75,0.17783164978027344,97.90392279624939,None,111,[0 2 0 0 0 0 0 0 0 0 0 0 0 0 0 0 0 0 0 0 0 0 0 1 0 1 0],[1. 1. 1. 1. 1. 1. 1.],[1. 1. 1. 1. 1. 1. 1.]
1051,Egreedy,1,1051,1.0/2.75,0.170623779296875,98.07454657554626,None,111,[0 2 0 0 0 0 0 0 0 0 0 0 0 0 0 0 0 0 0 0 0 0 0 1 1 0 0],[1. 1. 1. 1. 1. 1. 1.],[1. 1. 1. 1. 1. 1. 1.]
1052,Egreedy,1,1052,0.75/2.5,0.1294114589691162,98.20395803451538,None,106,[0 2 0 0 0 0 0 0 0 0 0 0 0 0 0 0 0 0 0 0 0 0 0 0 0 0 1],[1. 1. 1. 1. 1. 1. 1.],[1. 1. 1. 1. 1. 1. 1.]
1053,Egreedy,1,1053,0.75/2.5,0.14329290390014648,98.34725093841553,None,109,[0 2 0 0 0 0 0 0 0 0 0 0 0 0 0 0 0 0 0 0 0 0 0 0 0 1 0],[1. 1. 1. 1. 1. 1. 1.],[1. 1. 1. 1. 1. 1. 1.]
1054,Egreedy,1,1054,0.75/2.5,0.24167585372924805,98.58892679214478,None,123,[0 2 0 0 0 0 0 0 0 0 0 0 0 0 0 0 0 0 0 0 0 0 0 0 1 0 0],[1. 1. 1. 1. 1. 1. 1.],[1. 1. 1. 1. 1. 1. 1.]
1055,Egreedy,1,1055,0.75/2.5,0.2794187068939209,98.8683454990387,None,128,[0 2 0 0 0 0 0 0 0 0 0 0 0 0 0 0 0 0 0 0 0 0 0 1 0 0 0],[1. 1. 1. 1. 1. 1. 1.],[1. 1. 1. 1. 1. 1. 1.]
1056,Egreedy,1,1056,2.75/2.5,0.021232128143310547,98.889577627182,None,3,[0 0 0 0 0 0 0 0 0 0 0 0 0 0 0 0 0 0 1 0 0 0 2 0 0 0 0],[1. 1. 1. 1. 1. 1. 1.],[1. 1. 1. 1. 1. 1. 1.]
1057,Egreedy,1,1057,3.0/2.75,0.06264424324035645,98.95222187042236,None,9,[0 0 1 0 0 0 0 1 0 0 0 0 0 0 0 0 0 2 0 0 0 0 0 0 0 0 0],[1. 1. 1. 1. 1. 1. 1.],[1. 1. 1. 1. 1. 1. 1.]
1058,Egreedy,1,1058,1.5/3.75,0.021950483322143555,98.9741723537445,None,3,[0 2 0 0 0 0 0 1 0 0 1 0 0 0 0 0 0 2 0 0 0 0 0 0 0 0 0],[1. 1. 1. 1. 1. 1. 1.],[1. 1. 1. 1. 1. 1. 1.]
1059,Egreedy,1,1059,2.75/3.0,0.007451534271240234,98.98162388801575,None,1,[0 0 0 0 1 0 0 1 0 0 1 0 0 0 0 0 0 2 0 0 0 0 0 0 0 0 0],[1. 1. 1. 1. 1. 1. 1.],[1. 1. 1. 1. 1. 1. 1.]
1060,Egreedy,1,1060,2.5/2.75,0.007121562957763672,98.98874545097351,None,1,[0 0 0 0 0 0 0 1 0 0 1 0 0 0 0 0 0 2 0 0 0 0 0 0 0 0 0],[1. 1. 1. 1. 1. 1. 1.],[1. 1. 1. 1. 1. 1. 1.]
1061,Egreedy,1,1061,1.0/3.25,0.19118785858154297,99.17993330955505,None,118,[0 2 0 0 0 0 0 1 1 1 1 0 0 0 0 0 0 0 0 0 0 0 0 0 0 0 0],[1. 1. 1. 1. 1. 1. 1.],[1. 1. 1. 1. 1. 1. 1.]
1062,Egreedy,1,1062,0.75/3.0,0.1890103816986084,99.36894369125366,None,118,[0 2 0 0 0 0 0 0 1 1 1 0 0 0 0 0 0 0 0 0 0 0 0 0 0 0 0],[1. 1. 1. 1. 1. 1. 1.],[1. 1. 1. 1. 1. 1. 1.]
1063,Egreedy,1,1063,0.75/3.0,0.1807105541229248,99.54965424537659,None,118,[0 2 0 0 0 0 0 1 0 1 1 0 0 0 0 0 0 0 0 0 0 0 0 0 0 0 0],[1. 1. 1. 1. 1. 1. 1.],[1. 1. 1. 1. 1. 1. 1.]
1064,Egreedy,1,1064,0.75/3.0,0.1239633560180664,99.67361760139465,None,111,[0 2 0 0 0 0 0 1 1 0 1 0 0 0 0 0 0 0 0 0 0 0 0 0 0 0 0],[1. 1. 1. 1. 1. 1. 1.],[1. 1. 1. 1. 1. 1. 1.]
1065,Egreedy,1,1065,1.25/3.0,0.24273037910461426,99.91634798049927,None,128,[0 2 0 0 0 0 0 1 1 1 0 0 0 0 0 0 0 0 0 0 0 0 0 0 0 0 0],[1. 1. 1. 1. 1. 1. 1.],[1. 1. 1. 1. 1. 1. 1.]
1066,Egreedy,1,1066,0.5/2.75,0.1263868808746338,100.0427348613739,None,113,[0 2 0 0 0 0 0 0 0 1 1 0 0 0 0 0 0 0 0 0 0 0 0 0 0 0 0],[1. 1. 1. 1. 1. 1. 1.],[1. 1. 1. 1. 1. 1. 1.]
1067,Egreedy,1,1067,0.5/2.75,0.23620104789733887,100.27893590927124,None,129,[0 2 0 0 0 0 0 0 1 0 1 0 0 0 0 0 0 0 0 0 0 0 0 0 0 0 0],[1. 1. 1. 1. 1. 1. 1.],[1. 1. 1. 1. 1. 1. 1.]
1068,Egreedy,1,1068,0.5/2.75,0.17054080963134766,100.44947671890259,None,120,[0 2 0 0 0 0 0 1 0 0 1 0 0 0 0 0 0 0 0 0 0 0 0 0 0 0 0],[1. 1. 1. 1. 1. 1. 1.],[1. 1. 1. 1. 1. 1. 1.]
1069,Egreedy,1,1070,0.25/2.5,0.007039546966552734,100.45651626586914,0,1,[0 2 0 0 0 0 0 0 0 0 1 0 0 0 0 0 0 0 0 0 0 0 0 0 0 0 0],[1. 1. 1. 1. 1. 1. 1.],[1. 1. 1. 1. 1. 1. 1.]
1070,NewPanel,2,0,2.75,44.48919200897217,144.9457082748413,None,31633,[0 0 0 0 0 0 0 0 0 0 0 0 0 1 1 1 1 2 0 0 0 0 0 0 0 0 0],[1. 1. 1. 1. 1. 1. 1.],[1. 1. 1. 1. 1. 1. 1.]
1071,Egreedy,2,1,2.5,0.2740490436553955,145.2197573184967,None,41,[0 0 0 0 0 0 0 0 0 0 0 0 0 0 1 1 1 2 0 0 0 0 0 0 0 0 0],[1. 1. 1. 1. 1. 1. 1.],[1. 1. 1. 1. 1. 1. 1.]
1072,Egreedy,2,2,3.0,0.15942025184631348,145.37917757034302,None,23,[0 0 0 0 0 1 0 0 0 0 0 0 0 0 1 0 1 2 0 0 0 0 0 0 0 0 0],[1. 1. 1. 1. 1. 1. 1.],[1. 1. 1. 1. 1. 1. 1.]
1073,Egreedy,2,3,2.0,0.054908037185668945,145.4340856075287,None,8,[0 0 0 0 0 0 0 1 0 0 0 2 0 0 1 0 1 2 0 0 0 0 0 0 0 0 0],[1. 1. 1. 1. 1. 1. 1.],[1. 1. 1. 1. 1. 1. 1.]
1074,Egreedy,2,4,1.75,0.013990640640258789,145.44807624816895,None,2,[0 0 0 0 0 0 0 0 0 0 0 2 0 0 1 0 1 2 0 0 0 0 0 0 0 0 0],[1. 1. 1. 1. 1. 1. 1.],[1. 1. 1. 1. 1. 1. 1.]
1075,Egreedy,2,5,2.5,0.09409666061401367,145.54217290878296,None,16,[0 0 0 0 0 0 0 0 0 0 0 0 0 1 0 1 1 2 0 0 0 0 0 0 0 0 0],[1. 1. 1. 1. 1. 1. 1.],[1. 1. 1. 1. 1. 1. 1.]
1076,Egreedy,2,6,3.0,0.03880453109741211,145.58097743988037,None,9,[0 0 0 0 0 0 0 0 0 0 0 0 0 1 1 0 1 2 0 0 0 0 0 0 0 0 0],[1. 1. 1. 1. 1. 1. 1.],[1. 1. 1. 1. 1. 1. 1.]
1077,Egreedy,2,7,2.5,0.03325700759887695,145.61423444747925,None,9,[0 0 0 0 0 0 0 0 0 0 0 0 0 1 1 1 0 2 0 0 0 0 0 0 0 0 0],[1. 1. 1. 1. 1. 1. 1.],[1. 1. 1. 1. 1. 1. 1.]
1078,Egreedy,2,8,2.5,0.027867794036865234,145.6421022415161,None,4,[0 0 0 0 0 0 0 0 0 0 0 0 0 0 1 1 0 2 0 0 0 0 0 0 1 0 0],[1. 1. 1. 1. 1. 1. 1.],[1. 1. 1. 1. 1. 1. 1.]
1079,Egreedy,2,9,2.25,0.17189335823059082,145.8139955997467,None,30,[0 0 0 0 0 0 0 0 0 0 0 0 0 0 0 1 1 2 0 0 0 0 0 0 0 0 0],[1. 1. 1. 1. 1. 1. 1.],[1. 1. 1. 1. 1. 1. 1.]
1080,Egreedy,2,10,2.75,0.1457204818725586,145.95971608161926,None,27,[0 0 0 0 0 0 0 0 0 0 0 0 0 0 1 0 1 2 0 0 0 0 0 0 0 0 0],[1. 1. 1. 1. 1. 1. 1.],[1. 1. 1. 1. 1. 1. 1.]
1081,Egreedy,2,11,2.75,0.1804370880126953,146.14015316963196,None,33,[0 0 0 0 0 0 0 0 0 0 0 0 0 1 0 0 1 2 0 0 0 0 0 0 0 0 0],[1. 1. 1. 1. 1. 1. 1.],[1. 1. 1. 1. 1. 1. 1.]
1082,Egreedy,2,12,3.0,0.014059305191040039,146.154212474823,None,2,[0 0 1 0 0 0 0 0 0 0 0 0 0 1 0 0 1 0 0 0 0 0 2 0 0 0 0],[1. 1. 1. 1. 1. 1. 1.],[1. 1. 1. 1. 1. 1. 1.]
1083,Egreedy,2,13,2.25,0.09942007064819336,146.2536325454712,None,22,[0 0 0 0 0 0 0 0 0 0 0 0 0 0 1 1 0 2 0 0 0 0 0 0 0 0 0],[1. 1. 1. 1. 1. 1. 1.],[1. 1. 1. 1. 1. 1. 1.]
1084,Egreedy,2,14,2.25,0.24927735328674316,146.50290989875793,None,44,[0 0 0 0 0 0 0 0 0 0 0 0 0 1 0 1 0 2 0 0 0 0 0 0 0 0 0],[1. 1. 1. 1. 1. 1. 1.],[1. 1. 1. 1. 1. 1. 1.]
1085,Egreedy,2,15,2.75,0.038947343826293945,146.54185724258423,None,15,[0 0 0 0 0 0 0 0 0 0 0 0 0 1 1 0 0 2 0 0 0 0 0 0 0 0 0],[1. 1. 1. 1. 1. 1. 1.],[1. 1. 1. 1. 1. 1. 1.]
1086,Egreedy,2,16,2.5,0.10147476196289062,146.64333200454712,None,25,[0 0 0 0 0 0 0 0 0 0 0 0 0 0 0 0 1 2 0 0 0 0 0 0 0 0 0],[1. 1. 1. 1. 1. 1. 1.],[1. 1. 1. 1. 1. 1. 1.]
1087,Egreedy,2,17,2.0,0.05484485626220703,146.69817686080933,None,19,[0 0 0 0 0 0 0 0 0 0 0 0 0 0 0 1 0 2 0 0 0 0 0 0 0 0 0],[1. 1. 1. 1. 1. 1. 1.],[1. 1. 1. 1. 1. 1. 1.]
1088,Egreedy,2,18,4.25,0.15047478675842285,146.84865164756775,None,22,[0 0 0 1 1 0 0 0 0 0 1 0 2 0 0 0 0 2 0 0 0 0 0 0 0 0 1],[1. 1. 1. 1. 1. 1. 1.],[1. 1. 1. 1. 1. 1. 1.]
1089,Egreedy,2,19,2.5,0.08525466918945312,146.9339063167572,None,24,[0 0 0 0 0 0 0 0 0 0 0 0 0 0 1 0 0 2 0 0 0 0 0 0 0 0 0],[1. 1. 1. 1. 1. 1. 1.],[1. 1. 1. 1. 1. 1. 1.]
1090,Egreedy,2,20,2.5,0.05617666244506836,146.99008297920227,None,21,[0 0 0 0 0 0 0 0 0 0 0 0 0 1 0 0 0 2 0 0 0 0 0 0 0 0 0],[1. 1. 1. 1. 1. 1. 1.],[1. 1. 1. 1. 1. 1. 1.]
1091,Egreedy,2,21,0.5,0.014155864715576172,147.00423884391785,None,2,[0 0 0 0 0 0 0 0 0 0 0 2 0 1 0 0 0 0 0 0 0 0 0 0 0 0 0],[1. 1. 1. 1. 1. 1. 1.],[1. 1. 1. 1. 1. 1. 1.]
1092,Egreedy,2,22,2.75,0.16808223724365234,147.1723210811615,None,43,[0 0 0 0 0 0 0 0 0 0 0 0 0 0 0 0 0 2 0 0 0 0 0 0 1 0 1],[1. 1. 1. 1. 1. 1. 1.],[1. 1. 1. 1. 1. 1. 1.]
1093,Egreedy,2,23,2.5,0.07570385932922363,147.24802494049072,None,34,[0 0 0 0 0 0 0 0 0 0 0 0 0 0 0 0 0 2 0 0 0 0 0 0 0 0 1],[1. 1. 1. 1. 1. 1. 1.],[1. 1. 1. 1. 1. 1. 1.]
1094,Egreedy,2,24,2.5,0.013842344284057617,147.26186728477478,None,2,[0 0 1 0 0 0 0 0 0 0 0 0 0 0 0 0 0 0 0 0 0 0 2 0 0 0 0],[1. 1. 1. 1. 1. 1. 1.],[1. 1. 1. 1. 1. 1. 1.]
1095,Egreedy,2,25,2.5,0.11050653457641602,147.3723738193512,None,41,[0 0 0 0 0 0 0 0 0 0 0 0 0 0 0 0 0 2 0 0 0 0 0 0 1 0 0],[1. 1. 1. 1. 1. 1. 1.],[1. 1. 1. 1. 1. 1. 1.]
1096,Egreedy,2,26,2.5,0.01328897476196289,147.38566279411316,None,2,[0 0 0 0 0 1 0 0 0 0 0 0 0 0 0 0 0 2 0 0 0 0 0 0 0 0 0],[1. 1. 1. 1. 1. 1. 1.],[1. 1. 1. 1. 1. 1. 1.]
1097,Egreedy,2,27,1.25,0.033316850662231445,147.4189796447754,None,5,[1 0 0 0 0 1 0 0 0 0 0 2 0 0 0 0 0 0 0 0 0 0 0 0 1 1 0],[1. 1. 1. 1. 1. 1. 1.],[1. 1. 1. 1. 1. 1. 1.]
1098,Egreedy,2,28,2.5,0.06563615798950195,147.4846158027649,None,36,[1 0 0 0 0 0 0 0 0 0 0 0 0 0 0 0 0 2 0 0 0 0 0 0 0 0 0],[1. 1. 1. 1. 1. 1. 1.],[1. 1. 1. 1. 1. 1. 1.]
1099,Egreedy,2,29,3.25,0.1451117992401123,147.629727602005,None,48,[0 0 0 0 0 0 0 0 0 0 0 0 2 0 0 0 0 0 1 1 1 1 0 0 0 0 0],[1. 1. 1. 1. 1. 1. 1.],[1. 1. 1. 1. 1. 1. 1.]
1100,Egreedy,2,30,3.0,0.0751945972442627,147.70492219924927,None,39,[0 0 0 0 0 0 0 0 0 0 0 0 2 0 0 0 0 0 0 1 1 1 0 0 0 0 0],[1. 1. 1. 1. 1. 1. 1.],[1. 1. 1. 1. 1. 1. 1.]
1101,Egreedy,2,31,3.0,0.06977009773254395,147.7746922969818,None,39,[0 0 0 0 0 0 0 0 0 0 0 0 2 0 0 0 0 0 1 0 1 1 0 0 0 0 0],[1. 1. 1. 1. 1. 1. 1.],[1. 1. 1. 1. 1. 1. 1.]
1102,Egreedy,2,32,3.0,0.19634294509887695,147.9710352420807,None,58,[0 0 0 0 0 0 0 0 0 0 0 0 2 0 0 0 0 0 1 1 0 1 0 0 0 0 0],[1. 1. 1. 1. 1. 1. 1.],[1. 1. 1. 1. 1. 1. 1.]
1103,Egreedy,2,33,3.0,0.04385709762573242,148.01489233970642,None,37,[0 0 0 0 0 0 0 0 0 0 0 0 2 0 0 0 0 0 1 1 1 0 0 0 0 0 0],[1. 1. 1. 1. 1. 1. 1.],[1. 1. 1. 1. 1. 1. 1.]
1104,Egreedy,2,34,2.75,0.0066187381744384766,148.02151107788086,None,1,[0 0 0 0 0 0 0 0 0 0 0 0 2 0 0 0 0 0 1 0 1 0 0 0 0 0 0],[1. 1. 1. 1. 1. 1. 1.],[1. 1. 1. 1. 1. 1. 1.]
1105,Egreedy,2,35,2.75,0.08594036102294922,148.1074514389038,None,44,[0 0 0 0 0 0 0 0 0 0 0 0 2 0 0 0 0 0 0 0 1 1 0 0 0 0 0],[1. 1. 1. 1. 1. 1. 1.],[1. 1. 1. 1. 1. 1. 1.]
1106,Egreedy,2,36,2.75,0.05307316780090332,148.1605246067047,None,40,[0 0 0 0 0 0 0 0 0 0 0 0 2 0 0 0 0 0 0 1 0 1 0 0 0 0 0],[1. 1. 1. 1. 1. 1. 1.],[1. 1. 1. 1. 1. 1. 1.]
1107,Egreedy,2,37,2.75,0.05346846580505371,148.21399307250977,None,41,[0 0 0 0 0 0 0 0 0 0 0 0 2 0 0 0 0 0 1 0 0 1 0 0 0 0 0],[1. 1. 1. 1. 1. 1. 1.],[1. 1. 1. 1. 1. 1. 1.]
1108,Egreedy,2,38,2.75,0.04889965057373047,148.2628927230835,None,41,[0 0 0 0 0 0 0 0 0 0 0 0 2 0 0 0 0 0 0 1 1 0 0 0 0 0 0],[1. 1. 1. 1. 1. 1. 1.],[1. 1. 1. 1. 1. 1. 1.]
1109,Egreedy,2,39,2.75,0.06293368339538574,148.32582640647888,None,45,[0 0 0 0 0 0 0 0 0 0 0 0 2 0 0 0 0 0 1 1 0 0 0 0 0 0 0],[1. 1. 1. 1. 1. 1. 1.],[1. 1. 1. 1. 1. 1. 1.]
1110,Egreedy,2,40,2.5,0.2109203338623047,148.5367467403412,None,67,[0 0 0 0 0 0 0 0 0 0 0 0 2 0 0 0 0 0 0 0 0 1 0 0 0 0 0],[1. 1. 1. 1. 1. 1. 1.],[1. 1. 1. 1. 1. 1. 1.]
1111,Egreedy,2,41,2.5,0.06552267074584961,148.60226941108704,None,47,[0 0 0 0 0 0 0 0 0 0 0 0 2 0 0 0 0 0 0 0 1 0 0 0 0 0 0],[1. 1. 1. 1. 1. 1. 1.],[1. 1. 1. 1. 1. 1. 1.]
1112,Egreedy,2,42,2.5,0.07361817359924316,148.67588758468628,None,49,[0 0 0 0 0 0 0 0 0 0 0 0 2 0 0 0 0 0 0 1 0 0 0 0 0 0 0],[1. 1. 1. 1. 1. 1. 1.],[1. 1. 1. 1. 1. 1. 1.]
1113,Egreedy,2,43,2.5,0.11479496955871582,148.790682554245,None,56,[0 0 0 0 0 0 0 0 0 0 0 0 2 0 0 0 0 0 1 0 0 0 0 0 0 0 0],[1. 1. 1. 1. 1. 1. 1.],[1. 1. 1. 1. 1. 1. 1.]
1114,Egreedy,2,44,3.5,0.0548405647277832,148.84552311897278,None,8,[0 0 0 0 0 1 0 1 1 1 0 0 2 0 0 0 0 0 0 0 0 0 0 0 0 1 0],[1. 1. 1. 1. 1. 1. 1.],[1. 1. 1. 1. 1. 1. 1.]
1115,Egreedy,2,45,3.0,0.13440370559692383,148.9799268245697,None,60,[0 0 0 0 0 0 0 0 0 0 0 0 2 0 0 0 0 0 0 0 0 0 0 0 1 1 1],[1. 1. 1. 1. 1. 1. 1.],[1. 1. 1. 1. 1. 1. 1.]
1116,Egreedy,2,46,3.0,0.1548607349395752,149.13478755950928,None,64,[0 0 0 0 0 0 0 0 0 0 0 0 2 0 0 0 0 0 0 0 0 0 0 1 0 1 1],[1. 1. 1. 1. 1. 1. 1.],[1. 1. 1. 1. 1. 1. 1.]
1117,Egreedy,2,47,3.0,0.07209634780883789,149.20688390731812,None,53,[0 0 0 0 0 0 0 0 0 0 0 0 2 0 0 0 0 0 0 0 0 0 0 1 1 0 1],[1. 1. 1. 1. 1. 1. 1.],[1. 1. 1. 1. 1. 1. 1.]
1118,Egreedy,2,48,2.75,0.006921291351318359,149.21380519866943,None,1,[0 0 0 0 0 0 0 0 0 0 0 0 2 0 0 0 0 0 0 0 0 0 0 1 0 0 1],[1. 1. 1. 1. 1. 1. 1.],[1. 1. 1. 1. 1. 1. 1.]
1119,Egreedy,2,49,3.0,0.11539578437805176,149.32920098304749,None,60,[0 0 0 0 0 0 0 0 0 0 0 0 2 0 0 0 0 0 0 0 0 0 0 1 1 1 0],[1. 1. 1. 1. 1. 1. 1.],[1. 1. 1. 1. 1. 1. 1.]
1120,Egreedy,2,50,3.25,0.027612924575805664,149.3568139076233,None,4,[1 0 0 0 0 0 0 0 0 0 1 0 2 0 0 0 0 0 0 0 0 0 0 1 0 1 0],[1. 1. 1. 1. 1. 1. 1.],[1. 1. 1. 1. 1. 1. 1.]
1121,Egreedy,2,51,2.75,0.06775379180908203,149.42456769943237,None,54,[0 0 0 0 0 0 0 0 0 0 0 0 2 0 0 0 0 0 0 0 0 0 0 0 0 1 1],[1. 1. 1. 1. 1. 1. 1.],[1. 1. 1. 1. 1. 1. 1.]
1122,Egreedy,2,52,2.75,0.06147456169128418,149.48604226112366,None,54,[0 0 0 0 0 0 0 0 0 0 0 0 2 0 0 0 0 0 0 0 0 0 0 0 1 0 1],[1. 1. 1. 1. 1. 1. 1.],[1. 1. 1. 1. 1. 1. 1.]
1123,Egreedy,2,53,3.5,0.04848909378051758,149.53453135490417,None,7,[0 0 0 1 0 0 0 0 0 0 0 0 2 0 0 0 0 2 0 0 0 0 0 0 0 0 0],[1. 1. 1. 1. 1. 1. 1.],[1. 1. 1. 1. 1. 1. 1.]
1124,Egreedy,2,54,2.75,0.16186952590942383,149.6964008808136,None,70,[0 0 0 0 0 0 0 0 0 0 0 0 2 0 0 0 0 0 0 0 0 0 0 0 1 1 0],[1. 1. 1. 1. 1. 1. 1.],[1. 1. 1. 1. 1. 1. 1.]
1125,Egreedy,2,55,2.75,0.06516408920288086,149.76156497001648,None,57,[0 0 0 0 0 0 0 0 0 0 0 0 2 0 0 0 0 0 0 0 0 0 0 1 0 1 0],[1. 1. 1. 1. 1. 1. 1.],[1. 1. 1. 1. 1. 1. 1.]
1126,Egreedy,2,56,2.75,0.10063552856445312,149.86220049858093,None,63,[0 0 0 0 0 0 0 0 0 0 0 0 2 0 0 0 0 0 0 0 0 0 0 1 1 0 0],[1. 1. 1. 1. 1. 1. 1.],[1. 1. 1. 1. 1. 1. 1.]
1127,Egreedy,2,57,2.5,0.16933774948120117,150.03153824806213,None,74,[0 0 0 0 0 0 0 0 0 0 0 0 2 0 0 0 0 0 0 0 0 0 0 0 0 0 1],[1. 1. 1. 1. 1. 1. 1.],[1. 1. 1. 1. 1. 1. 1.]
1128,Egreedy,2,58,0.75,0.033638954162597656,150.06517720222473,None,5,[0 0 0 0 0 0 0 0 0 0 0 2 0 0 0 0 0 0 0 1 0 0 0 0 0 0 1],[1. 1. 1. 1. 1. 1. 1.],[1. 1. 1. 1. 1. 1. 1.]
1129,Egreedy,2,59,2.5,0.07484555244445801,150.1400227546692,None,61,[0 0 0 0 0 0 0 0 0 0 0 0 2 0 0 0 0 0 0 0 0 0 0 0 0 1 0],[1. 1. 1. 1. 1. 1. 1.],[1. 1. 1. 1. 1. 1. 1.]
1130,Egreedy,2,60,0.5,0.0070874691009521484,150.14711022377014,None,1,[0 0 0 0 0 0 0 0 0 0 0 2 0 0 0 0 0 0 0 0 0 0 0 0 0 1 0],[1. 1. 1. 1. 1. 1. 1.],[1. 1. 1. 1. 1. 1. 1.]
1131,Egreedy,2,61,2.5,0.08958125114440918,150.23669147491455,None,64,[0 0 0 0 0 0 0 0 0 0 0 0 2 0 0 0 0 0 0 0 0 0 0 0 1 0 0],[1. 1. 1. 1. 1. 1. 1.],[1. 1. 1. 1. 1. 1. 1.]
1132,Egreedy,2,62,2.5,0.0771028995513916,150.31379437446594,None,63,[0 0 0 0 0 0 0 0 0 0 0 0 2 0 0 0 0 0 0 0 0 0 0 1 0 0 0],[1. 1. 1. 1. 1. 1. 1.],[1. 1. 1. 1. 1. 1. 1.]
1133,Egreedy,2,63,2.5,0.2297365665435791,150.54353094100952,None,86,[1 0 0 0 0 0 0 0 0 0 0 0 2 0 0 0 0 0 0 0 0 0 0 0 0 0 0],[1. 1. 1. 1. 1. 1. 1.],[1. 1. 1. 1. 1. 1. 1.]
1134,Egreedy,2,64,1.0,0.14296913146972656,150.68650007247925,None,75,[0 0 0 0 0 0 0 0 0 0 0 2 0 0 0 0 0 0 0 1 1 1 0 0 0 0 0],[1. 1. 1. 1. 1. 1. 1.],[1. 1. 1. 1. 1. 1. 1.]
1135,Egreedy,2,65,1.0,0.013561248779296875,150.70006132125854,None,2,[0 0 0 0 0 0 0 0 0 0 0 2 0 0 0 0 0 0 0 1 1 0 0 0 1 0 0],[1. 1. 1. 1. 1. 1. 1.],[1. 1. 1. 1. 1. 1. 1.]
1136,Egreedy,2,66,1.0,0.07513117790222168,150.77519249916077,None,66,[0 0 0 0 0 0 0 0 0 0 0 2 0 0 0 0 0 0 1 0 1 1 0 0 0 0 0],[1. 1. 1. 1. 1. 1. 1.],[1. 1. 1. 1. 1. 1. 1.]
1137,Egreedy,2,67,1.0,0.0757291316986084,150.85092163085938,None,67,[0 0 0 0 0 0 0 0 0 0 0 2 0 0 0 0 0 0 1 1 0 1 0 0 0 0 0],[1. 1. 1. 1. 1. 1. 1.],[1. 1. 1. 1. 1. 1. 1.]
1138,Egreedy,2,68,1.0,0.13215851783752441,150.9830801486969,None,76,[0 0 0 0 0 0 0 0 0 0 0 2 0 0 0 0 0 0 1 1 1 0 0 0 0 0 0],[1. 1. 1. 1. 1. 1. 1.],[1. 1. 1. 1. 1. 1. 1.]
1139,Egreedy,2,69,0.75,0.006998300552368164,150.99007844924927,None,1,[0 0 0 0 0 0 0 0 0 0 0 2 0 0 0 0 0 0 1 0 1 0 0 0 0 0 0],[1. 1. 1. 1. 1. 1. 1.],[1. 1. 1. 1. 1. 1. 1.]
1140,Egreedy,2,70,0.75,0.19551753997802734,151.1855959892273,None,86,[0 0 0 0 0 0 0 0 0 0 0 2 0 0 0 0 0 0 0 0 1 1 0 0 0 0 0],[1. 1. 1. 1. 1. 1. 1.],[1. 1. 1. 1. 1. 1. 1.]
1141,Egreedy,2,71,3.5,0.04855179786682129,151.23414778709412,None,7,[0 0 0 0 0 1 0 0 0 0 0 0 2 0 0 0 0 0 0 0 0 0 2 0 0 0 0],[1. 1. 1. 1. 1. 1. 1.],[1. 1. 1. 1. 1. 1. 1.]
1142,Egreedy,2,72,0.75,0.217803955078125,151.45195174217224,None,90,[0 0 0 0 0 0 0 0 0 0 0 2 0 0 0 0 0 0 0 1 0 1 0 0 0 0 0],[1. 1. 1. 1. 1. 1. 1.],[1. 1. 1. 1. 1. 1. 1.]
1143,Egreedy,2,73,0.75,0.12773561477661133,151.57968735694885,None,78,[0 0 0 0 0 0 0 0 0 0 0 2 0 0 0 0 0 0 1 0 0 1 0 0 0 0 0],[1. 1. 1. 1. 1. 1. 1.],[1. 1. 1. 1. 1. 1. 1.]
1144,Egreedy,2,74,0.75,0.12932157516479492,151.70900893211365,None,79,[0 0 0 0 0 0 0 0 0 0 0 2 0 0 0 0 0 0 0 1 1 0 0 0 0 0 0],[1. 1. 1. 1. 1. 1. 1.],[1. 1. 1. 1. 1. 1. 1.]
1145,Egreedy,2,75,0.75,0.2436363697052002,151.95264530181885,None,97,[0 0 0 0 0 0 0 0 0 0 0 2 0 0 0 0 0 0 1 1 0 0 0 0 0 0 0],[1. 1. 1. 1. 1. 1. 1.],[1. 1. 1. 1. 1. 1. 1.]
1146,Egreedy,2,76,0.75,0.013471603393554688,151.9661169052124,None,2,[0 0 0 0 0 0 0 0 0 0 0 2 0 0 1 0 0 0 1 0 0 0 0 0 0 0 0],[1. 1. 1. 1. 1. 1. 1.],[1. 1. 1. 1. 1. 1. 1.]
1147,Egreedy,2,77,0.5,0.08424925804138184,152.05036616325378,None,75,[0 0 0 0 0 0 0 0 0 0 0 2 0 0 0 0 0 0 0 0 0 1 0 0 0 0 0],[1. 1. 1. 1. 1. 1. 1.],[1. 1. 1. 1. 1. 1. 1.]
1148,Egreedy,2,78,0.5,0.12703371047973633,152.17739987373352,None,82,[0 0 0 0 0 0 0 0 0 0 0 2 0 0 0 0 0 0 0 0 1 0 0 0 0 0 0],[1. 1. 1. 1. 1. 1. 1.],[1. 1. 1. 1. 1. 1. 1.]
1149,Egreedy,2,79,0.5,0.2056596279144287,152.38305950164795,None,94,[0 0 0 0 0 0 0 0 0 0 0 2 0 0 0 0 0 0 0 1 0 0 0 0 0 0 0],[1. 1. 1. 1. 1. 1. 1.],[1. 1. 1. 1. 1. 1. 1.]
1150,Egreedy,2,80,0.5,0.12805557250976562,152.51111507415771,None,84,[0 0 0 0 0 0 0 0 0 0 0 2 0 0 0 0 0 0 1 0 0 0 0 0 0 0 0],[1. 1. 1. 1. 1. 1. 1.],[1. 1. 1. 1. 1. 1. 1.]
1151,Egreedy,2,81,0.5,0.1592419147491455,152.67035698890686,None,90,[0 0 0 0 0 0 0 0 0 0 0 2 0 0 1 1 1 0 0 0 0 0 0 0 0 0 0],[1. 1. 1. 1. 1. 1. 1.],[1. 1. 1. 1. 1. 1. 1.]
1152,Egreedy,2,82,0.25,0.19868063926696777,152.86903762817383,None,99,[0 0 0 0 0 0 0 0 0 0 0 2 0 0 0 1 1 0 0 0 0 0 0 0 0 0 0],[1. 1. 1. 1. 1. 1. 1.],[1. 1. 1. 1. 1. 1. 1.]
1153,Egreedy,2,83,0.75,0.24757814407348633,153.11661577224731,None,106,[0 0 0 0 0 0 0 0 0 0 0 2 0 0 1 0 1 0 0 0 0 0 0 0 0 0 0],[1. 1. 1. 1. 1. 1. 1.],[1. 1. 1. 1. 1. 1. 1.]
1154,Egreedy,2,84,0.5,0.006826877593994141,153.1234426498413,None,1,[0 0 0 0 0 0 0 0 0 0 0 2 0 0 1 0 0 0 0 0 0 0 0 0 0 0 0],[1. 1. 1. 1. 1. 1. 1.],[1. 1. 1. 1. 1. 1. 1.]
1155,Egreedy,2,85,0.5,0.2475271224975586,153.37096977233887,None,111,[0 0 0 0 0 0 0 0 0 0 0 2 0 0 0 0 1 0 0 0 0 0 0 0 0 0 0],[1. 1. 1. 1. 1. 1. 1.],[1. 1. 1. 1. 1. 1. 1.]
1156,Egreedy,2,87,0.0,0.19123435020446777,153.56220412254333,1,104,[0 0 0 0 0 0 0 0 0 0 0 2 0 0 0 1 0 0 0 0 0 0 0 0 0 0 0],[1. 1. 1. 1. 1. 1. 1.],[1. 1. 1. 1. 1. 1. 1.]